44.0,229.99999999999997,126.0,0.0029940119760479044
45.0,221.0,134.0,0.0014970059880239522
45.0,229.0,126.0,0.0029940119760479044
45.0,229.99999999999997,125.0,0.0029940119760479044
46.0,220.00000000000003,134.0,0.0014970059880239522
46.0,221.0,133.0,0.0014970059880239522
48.0,217.0,135.0,0.0014970059880239522
48.0,218.00000000000003,134.0,0.004491017964071856
48.0,221.0,131.0,0.0014970059880239522
48.0,222.00000000000003,130.0,0.0014970059880239522
48.0,223.0,129.0,0.0014970059880239522
48.0,224.00000000000003,128.0,0.0014970059880239522
49.0,215.0,136.0,0.0014970059880239522
49.0,217.0,134.0,0.005988023952095809
49.0,218.00000000000003,133.0,0.004491017964071856
49.0,219.0,132.0,0.0014970059880239522
49.0,221.0,130.0,0.0014970059880239522
49.0,222.00000000000003,129.0,0.0014970059880239522
49.0,223.0,128.0,0.0029940119760479044
49.0,224.00000000000003,127.0,0.0014970059880239522
49.0,225.0,126.0,0.0014970059880239522
49.0,238.0,112.99999999999999,0.0014970059880239522
49.0,239.0,112.00000000000001,0.0014970059880239522
50.0,211.0,139.0,0.0014970059880239522
50.0,212.0,138.0,0.0014970059880239522
50.0,214.0,136.0,0.0029940119760479044
50.0,215.0,135.0,0.004491017964071856
50.0,216.0,134.0,0.005988023952095809
50.0,217.0,133.0,0.004491017964071856
50.0,218.00000000000003,132.0,0.0014970059880239522
50.0,222.00000000000003,128.0,0.0014970059880239522
50.0,224.00000000000003,126.0,0.0014970059880239522
50.0,225.0,125.0,0.0014970059880239522
50.0,238.0,112.00000000000001,0.0014970059880239522
51.0,211.0,138.0,0.0014970059880239522
51.0,213.0,136.0,0.0029940119760479044
51.0,214.0,135.0,0.005988023952095809
51.0,215.0,134.0,0.0029940119760479044
51.0,216.0,133.0,0.0014970059880239522
51.0,217.0,132.0,0.0029940119760479044
51.0,218.00000000000003,131.0,0.005988023952095809
51.0,219.0,130.0,0.0014970059880239522
51.0,221.0,128.0,0.0014970059880239522
51.0,222.00000000000003,127.0,0.0014970059880239522
51.0,223.0,126.0,0.0014970059880239522
52.0,202.99999999999997,145.0,0.0014970059880239522
52.0,204.99999999999997,143.0,0.0014970059880239522
52.0,206.0,142.0,0.0014970059880239522
52.0,208.0,140.0,0.0014970059880239522
52.0,209.0,139.0,0.004491017964071856
52.0,210.0,138.0,0.0029940119760479044
52.0,211.0,137.0,0.005988023952095809
52.0,212.0,136.0,0.004491017964071856
52.0,213.0,135.0,0.010479041916167664
52.0,214.0,134.0,0.005988023952095809
52.0,215.0,133.0,0.0014970059880239522
52.0,216.0,132.0,0.004491017964071856
52.0,217.0,131.0,0.010479041916167664
52.0,218.00000000000003,130.0,0.004491017964071856
52.0,222.00000000000003,126.0,0.0014970059880239522
52.0,223.0,125.0,0.0014970059880239522
53.0,202.0,145.0,0.0014970059880239522
53.0,202.99999999999997,144.0,0.0014970059880239522
53.0,204.99999999999997,142.0,0.0014970059880239522
53.0,206.0,141.0,0.004491017964071856
53.0,206.99999999999997,140.0,0.0029940119760479044
53.0,208.0,139.0,0.005988023952095809
53.0,209.0,138.0,0.005988023952095809
53.0,210.0,137.0,0.011976047904191617
53.0,211.0,136.0,0.0029940119760479044
53.0,212.0,135.0,0.008982035928143712
53.0,213.0,134.0,0.005988023952095809
53.0,214.0,133.0,0.005988023952095809
53.0,215.0,132.0,0.004491017964071856
53.0,216.0,131.0,0.005988023952095809
53.0,217.0,130.0,0.0014970059880239522
54.0,200.0,146.0,0.0014970059880239522
54.0,202.99999999999997,143.0,0.0014970059880239522
54.0,204.0,142.0,0.0029940119760479044
54.0,204.99999999999997,141.0,0.005988023952095809
54.0,206.0,140.0,0.0074850299401197605
54.0,206.99999999999997,139.0,0.004491017964071856
54.0,208.0,138.0,0.004491017964071856
54.0,209.0,137.0,0.008982035928143712
54.0,210.0,136.0,0.008982035928143712
54.0,211.0,135.0,0.0014970059880239522
54.0,212.0,134.0,0.0014970059880239522
54.0,213.0,133.0,0.004491017964071856
54.0,214.0,132.0,0.0074850299401197605
54.0,218.00000000000003,128.0,0.0014970059880239522
54.0,220.00000000000003,126.0,0.0014970059880239522
55.00000000000001,199.0,146.0,0.0014970059880239522
55.00000000000001,200.0,145.0,0.005988023952095809
55.00000000000001,200.99999999999997,144.0,0.0029940119760479044
55.00000000000001,202.0,143.0,0.0029940119760479044
55.00000000000001,202.99999999999997,142.0,0.01347305389221557
55.00000000000001,204.0,141.0,0.017964071856287425
55.00000000000001,204.99999999999997,140.0,0.01347305389221557
55.00000000000001,206.0,139.0,0.01347305389221557
55.00000000000001,206.99999999999997,138.0,0.014970059880239521
55.00000000000001,208.0,137.0,0.0074850299401197605
55.00000000000001,209.0,136.0,0.011976047904191617
55.00000000000001,210.0,135.0,0.0074850299401197605
55.00000000000001,211.0,134.0,0.0029940119760479044
55.00000000000001,212.0,133.0,0.0014970059880239522
55.00000000000001,213.0,132.0,0.005988023952095809
55.00000000000001,214.0,131.0,0.0029940119760479044
55.00000000000001,217.0,128.0,0.0029940119760479044
55.00000000000001,218.00000000000003,127.0,0.0029940119760479044
55.00000000000001,219.0,126.0,0.0014970059880239522
55.00000000000001,220.00000000000003,125.0,0.0014970059880239522
56.00000000000001,197.0,147.0,0.0014970059880239522
56.00000000000001,198.0,146.0,0.005988023952095809
56.00000000000001,199.0,145.0,0.0074850299401197605
56.00000000000001,200.0,144.0,0.008982035928143712
56.00000000000001,200.99999999999997,143.0,0.011976047904191617
56.00000000000001,202.0,142.0,0.01347305389221557
56.00000000000001,202.99999999999997,141.0,0.02694610778443114
56.00000000000001,204.0,140.0,0.02694610778443114
56.00000000000001,204.99999999999997,139.0,0.02245508982035928
56.00000000000001,206.0,138.0,0.008982035928143712
56.00000000000001,206.99999999999997,137.0,0.0074850299401197605
56.00000000000001,208.0,136.0,0.004491017964071856
56.00000000000001,209.0,135.0,0.010479041916167664
56.00000000000001,210.0,134.0,0.008982035928143712
56.00000000000001,211.0,133.0,0.0014970059880239522
56.00000000000001,212.0,132.0,0.0029940119760479044
56.00000000000001,217.0,127.0,0.0014970059880239522
56.99999999999999,195.0,148.0,0.004491017964071856
56.99999999999999,196.0,147.0,0.004491017964071856
56.99999999999999,197.0,146.0,0.01347305389221557
56.99999999999999,198.0,145.0,0.016467065868263474
56.99999999999999,199.0,144.0,0.014970059880239521
56.99999999999999,200.0,143.0,0.023952095808383235
56.99999999999999,200.99999999999997,142.0,0.019461077844311378
56.99999999999999,202.0,141.0,0.017964071856287425
56.99999999999999,202.99999999999997,140.0,0.016467065868263474
56.99999999999999,204.0,139.0,0.020958083832335328
56.99999999999999,204.99999999999997,138.0,0.010479041916167664
56.99999999999999,206.0,137.0,0.0014970059880239522
56.99999999999999,206.99999999999997,136.0,0.0029940119760479044
56.99999999999999,208.0,135.0,0.0029940119760479044
56.99999999999999,209.0,134.0,0.008982035928143712
56.99999999999999,210.0,133.0,0.0029940119760479044
56.99999999999999,211.0,132.0,0.0029940119760479044
56.99999999999999,212.0,131.0,0.0029940119760479044
57.99999999999999,191.0,151.0,0.0014970059880239522
57.99999999999999,192.0,150.0,0.0014970059880239522
57.99999999999999,194.0,148.0,0.0074850299401197605
57.99999999999999,195.0,147.0,0.014970059880239521
57.99999999999999,196.0,146.0,0.023952095808383235
57.99999999999999,197.0,145.0,0.03592814371257485
57.99999999999999,198.0,144.0,0.02844311377245509
57.99999999999999,199.0,143.0,0.03592814371257485
57.99999999999999,200.0,142.0,0.029940119760479042
57.99999999999999,200.99999999999997,141.0,0.019461077844311378
57.99999999999999,202.0,140.0,0.019461077844311378
57.99999999999999,202.99999999999997,139.0,0.014970059880239521
57.99999999999999,204.0,138.0,0.010479041916167664
57.99999999999999,204.99999999999997,137.0,0.004491017964071856
57.99999999999999,206.0,136.0,0.0074850299401197605
57.99999999999999,206.99999999999997,135.0,0.004491017964071856
57.99999999999999,208.0,134.0,0.0029940119760479044
57.99999999999999,209.0,133.0,0.0029940119760479044
57.99999999999999,210.0,132.0,0.004491017964071856
57.99999999999999,211.0,131.0,0.0029940119760479044
57.99999999999999,212.0,130.0,0.0014970059880239522
59.0,190.0,151.0,0.0014970059880239522
59.0,191.0,150.0,0.008982035928143712
59.0,192.0,149.0,0.0074850299401197605
59.0,193.0,148.0,0.011976047904191617
59.0,194.0,147.0,0.017964071856287425
59.0,195.0,146.0,0.03592814371257485
59.0,196.0,145.0,0.04640718562874251
59.0,197.0,144.0,0.02844311377245509
59.0,198.0,143.0,0.04341317365269461
59.0,199.0,142.0,0.03143712574850299
59.0,200.0,141.0,0.02694610778443114
59.0,200.99999999999997,140.0,0.017964071856287425
59.0,202.0,139.0,0.014970059880239521
59.0,202.99999999999997,138.0,0.0029940119760479044
59.0,204.0,137.0,0.0014970059880239522
59.0,204.99999999999997,136.0,0.005988023952095809
59.0,206.0,135.0,0.004491017964071856
59.0,206.99999999999997,134.0,0.0029940119760479044
59.0,209.0,132.0,0.0014970059880239522
59.0,210.0,131.0,0.004491017964071856
59.0,211.0,130.0,0.0029940119760479044
60.0,187.0,153.0,0.0014970059880239522
60.0,188.0,152.0,0.0014970059880239522
60.0,189.0,151.0,0.005988023952095809
60.0,190.0,150.0,0.016467065868263474
60.0,191.0,149.0,0.019461077844311378
60.0,192.0,148.0,0.02694610778443114
60.0,193.0,147.0,0.03293413173652695
60.0,194.0,146.0,0.05239520958083832
60.0,195.0,145.0,0.06437125748502993
60.0,196.0,144.0,0.04341317365269461
60.0,197.0,143.0,0.038922155688622756
60.0,198.0,142.0,0.03293413173652695
60.0,199.0,141.0,0.02245508982035928
60.0,200.0,140.0,0.011976047904191617
60.0,200.99999999999997,139.0,0.010479041916167664
60.0,202.0,138.0,0.005988023952095809
60.0,202.99999999999997,137.0,0.004491017964071856
60.0,204.0,136.0,0.008982035928143712
60.0,204.99999999999997,135.0,0.0029940119760479044
60.0,206.0,134.0,0.0029940119760479044
60.0,206.99999999999997,133.0,0.0014970059880239522
60.0,209.0,131.0,0.0014970059880239522
60.0,210.0,130.0,0.0014970059880239522
60.0,212.0,128.0,0.0014970059880239522
60.0,213.0,127.0,0.0014970059880239522
60.0,216.0,124.0,0.0014970059880239522
60.0,224.00000000000003,115.99999999999999,0.0014970059880239522
60.0,225.0,114.99999999999999,0.0014970059880239522
61.0,185.0,154.0,0.0014970059880239522
61.0,186.0,153.0,0.004491017964071856
61.0,187.0,152.0,0.0074850299401197605
61.0,188.0,151.0,0.01347305389221557
61.0,189.0,150.0,0.02245508982035928
61.0,190.0,149.0,0.03143712574850299
61.0,191.0,148.0,0.03592814371257485
61.0,192.0,147.0,0.04341317365269461
61.0,193.0,146.0,0.06736526946107785
61.0,194.0,145.0,0.06736526946107785
61.0,195.0,144.0,0.05389221556886228
61.0,196.0,143.0,0.0374251497005988
61.0,197.0,142.0,0.025449101796407185
61.0,198.0,141.0,0.017964071856287425
61.0,199.0,140.0,0.008982035928143712
61.0,200.0,139.0,0.0029940119760479044
61.0,200.99999999999997,138.0,0.004491017964071856
61.0,202.0,137.0,0.005988023952095809
61.0,202.99999999999997,136.0,0.005988023952095809
61.0,204.0,135.0,0.0029940119760479044
61.0,204.99999999999997,134.0,0.0014970059880239522
61.0,206.0,133.0,0.0014970059880239522
61.0,206.99999999999997,132.0,0.0014970059880239522
61.0,208.0,131.0,0.0014970059880239522
61.0,209.0,130.0,0.0014970059880239522
61.0,210.0,129.0,0.0014970059880239522
61.0,212.0,127.0,0.0014970059880239522
61.0,213.0,126.0,0.0014970059880239522
61.0,214.0,125.0,0.0014970059880239522
61.0,215.0,124.0,0.0014970059880239522
61.0,216.0,123.0,0.0014970059880239522
61.0,224.00000000000003,114.99999999999999,0.0014970059880239522
62.0,183.0,155.0,0.0014970059880239522
62.0,184.0,154.0,0.0014970059880239522
62.0,185.0,153.0,0.005988023952095809
62.0,186.0,152.0,0.010479041916167664
62.0,187.0,151.0,0.02694610778443114
62.0,188.0,150.0,0.03592814371257485
62.0,189.0,149.0,0.0658682634730539
62.0,190.0,148.0,0.06437125748502993
62.0,191.0,147.0,0.05089820359281437
62.0,192.0,146.0,0.07035928143712575
62.0,193.0,145.0,0.08982035928143713
62.0,194.0,144.0,0.0658682634730539
62.0,195.0,143.0,0.040419161676646706
62.0,196.0,142.0,0.025449101796407185
62.0,197.0,141.0,0.02245508982035928
62.0,198.0,140.0,0.01347305389221557
62.0,199.0,139.0,0.0014970059880239522
62.0,200.0,138.0,0.004491017964071856
62.0,200.99999999999997,137.0,0.008982035928143712
62.0,202.0,136.0,0.004491017964071856
62.0,202.99999999999997,135.0,0.0014970059880239522
62.0,204.0,134.0,0.0029940119760479044
62.0,204.99999999999997,133.0,0.0029940119760479044
62.0,206.99999999999997,131.0,0.0014970059880239522
62.0,212.0,126.0,0.0014970059880239522
62.0,213.0,125.0,0.0029940119760479044
62.0,217.0,121.0,0.0014970059880239522
62.0,218.00000000000003,120.0,0.0014970059880239522
63.0,182.0,155.0,0.0014970059880239522
63.0,183.0,154.0,0.004491017964071856
63.0,184.0,153.0,0.010479041916167664
63.0,185.0,152.0,0.016467065868263474
63.0,186.0,151.0,0.029940119760479042
63.0,187.0,150.0,0.06437125748502993
63.0,188.0,149.0,0.08682634730538923
63.0,189.0,148.0,0.11377245508982035
63.0,190.0,147.0,0.09281437125748503
63.0,191.0,146.0,0.08532934131736528
63.0,192.0,145.0,0.0718562874251497
63.0,193.0,144.0,0.061377245508982034
63.0,194.0,143.0,0.0374251497005988
63.0,195.0,142.0,0.02844311377245509
63.0,196.0,141.0,0.016467065868263474
63.0,197.0,140.0,0.0074850299401197605
63.0,198.0,139.0,0.005988023952095809
63.0,199.0,138.0,0.004491017964071856
63.0,200.0,137.0,0.0074850299401197605
63.0,200.99999999999997,136.0,0.0074850299401197605
63.0,202.0,135.0,0.004491017964071856
63.0,202.99999999999997,134.0,0.0029940119760479044
63.0,204.0,133.0,0.0014970059880239522
63.0,208.0,129.0,0.0014970059880239522
63.0,209.0,128.0,0.0014970059880239522
63.0,210.0,127.0,0.0014970059880239522
63.0,212.0,125.0,0.0014970059880239522
63.0,217.0,120.0,0.0014970059880239522
64.0,183.0,153.0,0.016467065868263474
64.0,184.0,152.0,0.03592814371257485
64.0,185.0,151.0,0.041916167664670656
64.0,186.0,150.0,0.08233532934131736
64.0,187.0,149.0,0.11826347305389222
64.0,188.0,148.0,0.12125748502994012
64.0,189.0,147.0,0.11826347305389222
64.0,190.0,146.0,0.10029940119760479
64.0,191.0,145.0,0.0718562874251497
64.0,192.0,144.0,0.040419161676646706
64.0,193.0,143.0,0.03293413173652695
64.0,194.0,142.0,0.023952095808383235
64.0,195.0,141.0,0.02694610778443114
64.0,196.0,140.0,0.016467065868263474
64.0,197.0,139.0,0.005988023952095809
64.0,198.0,138.0,0.0074850299401197605
64.0,199.0,137.0,0.0029940119760479044
64.0,200.0,136.0,0.004491017964071856
64.0,200.99999999999997,135.0,0.004491017964071856
64.0,202.0,134.0,0.004491017964071856
64.0,202.99999999999997,133.0,0.0014970059880239522
64.0,204.99999999999997,131.0,0.0014970059880239522
64.0,206.0,130.0,0.0014970059880239522
64.0,206.99999999999997,129.0,0.0014970059880239522
64.0,208.0,128.0,0.0014970059880239522
64.0,209.0,127.0,0.0014970059880239522
64.0,210.0,126.0,0.0029940119760479044
64.0,211.0,125.0,0.0029940119760479044
64.0,212.0,124.0,0.0014970059880239522
65.0,179.0,156.0,0.0014970059880239522
65.0,180.0,155.0,0.0029940119760479044
65.0,181.0,154.0,0.0074850299401197605
65.0,182.0,153.0,0.02694610778443114
65.0,183.0,152.0,0.05239520958083832
65.0,184.0,151.0,0.07335329341317365
65.0,185.0,150.0,0.14221556886227546
65.0,186.0,149.0,0.19011976047904192
65.0,187.0,148.0,0.1467065868263473
65.0,188.0,147.0,0.1407185628742515
65.0,189.0,146.0,0.10029940119760479
65.0,190.0,145.0,0.0748502994011976
65.0,191.0,144.0,0.03592814371257485
65.0,192.0,143.0,0.029940119760479042
65.0,193.0,142.0,0.02245508982035928
65.0,194.0,141.0,0.02245508982035928
65.0,195.0,140.0,0.019461077844311378
65.0,196.0,139.0,0.01347305389221557
65.0,197.0,138.0,0.0074850299401197605
65.0,198.0,137.0,0.0014970059880239522
65.0,199.0,136.0,0.0029940119760479044
65.0,200.0,135.0,0.0014970059880239522
65.0,204.0,131.0,0.004491017964071856
65.0,204.99999999999997,130.0,0.005988023952095809
65.0,206.0,129.0,0.0014970059880239522
65.0,210.0,125.0,0.0029940119760479044
65.0,211.0,124.0,0.0014970059880239522
65.0,212.0,123.0,0.0014970059880239522
65.0,215.0,120.0,0.0014970059880239522
65.0,216.0,119.0,0.0029940119760479044
65.0,217.0,118.0,0.0014970059880239522
66.0,178.0,156.0,0.0014970059880239522
66.0,179.0,155.0,0.005988023952095809
66.0,180.0,154.0,0.019461077844311378
66.0,181.0,153.0,0.05089820359281437
66.0,182.0,152.0,0.09131736526946108
66.0,183.0,151.0,0.13023952095808383
66.0,184.0,150.0,0.16167664670658682
66.0,185.0,149.0,0.22305389221556887
66.0,186.0,148.0,0.15568862275449102
66.0,187.0,147.0,0.12724550898203593
66.0,188.0,146.0,0.11077844311377245
66.0,189.0,145.0,0.05239520958083832
66.0,190.0,144.0,0.0374251497005988
66.0,191.0,143.0,0.020958083832335328
66.0,192.0,142.0,0.019461077844311378
66.0,193.0,141.0,0.014970059880239521
66.0,194.0,140.0,0.014970059880239521
66.0,195.0,139.0,0.010479041916167664
66.0,196.0,138.0,0.005988023952095809
66.0,198.0,136.0,0.0014970059880239522
66.0,202.99999999999997,131.0,0.0029940119760479044
66.0,204.0,130.0,0.005988023952095809
66.0,204.99999999999997,129.0,0.004491017964071856
66.0,212.0,122.0,0.0029940119760479044
66.0,215.0,119.0,0.0014970059880239522
66.0,216.0,118.0,0.0014970059880239522
67.0,177.0,156.0,0.0029940119760479044
67.0,178.0,155.0,0.014970059880239521
67.0,179.0,154.0,0.029940119760479042
67.0,180.0,153.0,0.08383233532934131
67.0,181.0,152.0,0.14221556886227546
67.0,182.0,151.0,0.18712574850299402
67.0,183.0,150.0,0.22904191616766467
67.0,184.0,149.0,0.218562874251497
67.0,185.0,148.0,0.19161676646706588
67.0,186.0,147.0,0.11526946107784432
67.0,187.0,146.0,0.08532934131736528
67.0,188.0,145.0,0.04341317365269461
67.0,189.0,144.0,0.02694610778443114
67.0,190.0,143.0,0.020958083832335328
67.0,191.0,142.0,0.017964071856287425
67.0,192.0,141.0,0.011976047904191617
67.0,193.0,140.0,0.008982035928143712
67.0,194.0,139.0,0.010479041916167664
67.0,195.0,138.0,0.005988023952095809
67.0,196.0,137.0,0.0029940119760479044
67.0,197.0,136.0,0.004491017964071856
67.0,198.0,135.0,0.0074850299401197605
67.0,199.0,134.0,0.005988023952095809
67.0,200.0,133.0,0.0029940119760479044
67.0,202.99999999999997,130.0,0.004491017964071856
67.0,204.0,129.0,0.0074850299401197605
67.0,204.99999999999997,128.0,0.004491017964071856
67.0,206.99999999999997,126.0,0.0029940119760479044
67.0,208.0,125.0,0.0074850299401197605
67.0,209.0,124.0,0.0029940119760479044
67.0,211.0,122.0,0.0029940119760479044
67.0,212.0,121.0,0.0029940119760479044
68.0,176.0,156.0,0.0014970059880239522
68.0,177.0,155.0,0.005988023952095809
68.0,178.0,154.0,0.04940119760479042
68.0,179.0,153.0,0.1347305389221557
68.0,180.0,152.0,0.22305389221556887
68.0,181.0,151.0,0.25449101796407186
68.0,182.0,150.0,0.23353293413173654
68.0,183.0,149.0,0.2470059880239521
68.0,184.0,148.0,0.1751497005988024
68.0,185.0,147.0,0.11976047904191617
68.0,186.0,146.0,0.07934131736526946
68.0,187.0,145.0,0.05239520958083832
68.0,188.0,144.0,0.025449101796407185
68.0,189.0,143.0,0.016467065868263474
68.0,190.0,142.0,0.01347305389221557
68.0,191.0,141.0,0.008982035928143712
68.0,192.0,140.0,0.0074850299401197605
68.0,193.0,139.0,0.011976047904191617
68.0,194.0,138.0,0.004491017964071856
68.0,195.0,137.0,0.0074850299401197605
68.0,196.0,136.0,0.010479041916167664
68.0,197.0,135.0,0.010479041916167664
68.0,198.0,134.0,0.0074850299401197605
68.0,199.0,133.0,0.005988023952095809
68.0,202.99999999999997,129.0,0.0074850299401197605
68.0,204.0,128.0,0.008982035928143712
68.0,204.99999999999997,127.0,0.0014970059880239522
68.0,206.99999999999997,125.0,0.004491017964071856
68.0,208.0,124.0,0.004491017964071856
68.0,209.0,123.0,0.0014970059880239522
68.0,210.0,122.0,0.0014970059880239522
69.0,175.0,156.0,0.0014970059880239522
69.0,176.0,155.0,0.025449101796407185
69.0,177.0,154.0,0.08383233532934131
69.0,178.0,153.0,0.18712574850299402
69.0,179.0,152.0,0.29191616766467066
69.0,180.0,151.0,0.36377245508982037
69.0,181.0,150.0,0.3008982035928144
69.0,182.0,149.0,0.23952095808383234
69.0,183.0,148.0,0.1661676646706587
69.0,184.0,147.0,0.10179640718562874
69.0,185.0,146.0,0.061377245508982034
69.0,186.0,145.0,0.041916167664670656
69.0,187.0,144.0,0.029940119760479042
69.0,188.0,143.0,0.017964071856287425
69.0,189.0,142.0,0.011976047904191617
69.0,190.0,141.0,0.010479041916167664
69.0,191.0,140.0,0.011976047904191617
69.0,192.0,139.0,0.010479041916167664
69.0,193.0,138.0,0.004491017964071856
69.0,194.0,137.0,0.004491017964071856
69.0,195.0,136.0,0.008982035928143712
69.0,196.0,135.0,0.010479041916167664
69.0,197.0,134.0,0.005988023952095809
69.0,198.0,133.0,0.005988023952095809
69.0,199.0,132.0,0.004491017964071856
69.0,200.0,131.0,0.004491017964071856
69.0,200.99999999999997,130.0,0.0029940119760479044
69.0,202.0,129.0,0.0029940119760479044
69.0,202.99999999999997,128.0,0.0074850299401197605
69.0,204.0,127.0,0.005988023952095809
69.0,206.0,125.0,0.0014970059880239522
69.0,209.0,122.0,0.0014970059880239522
70.0,174.0,156.0,0.004491017964071856
70.0,175.0,155.0,0.038922155688622756
70.0,176.0,154.0,0.13922155688622753
70.0,177.0,153.0,0.27395209580838326
70.0,178.0,152.0,0.312874251497006
70.0,179.0,151.0,0.3907185628742515
70.0,180.0,150.0,0.36976047904191617
70.0,181.0,149.0,0.281437125748503
70.0,182.0,148.0,0.16167664670658682
70.0,183.0,147.0,0.08083832335329341
70.0,184.0,146.0,0.04790419161676647
70.0,185.0,145.0,0.038922155688622756
70.0,186.0,144.0,0.02844311377245509
70.0,187.0,143.0,0.01347305389221557
70.0,188.0,142.0,0.011976047904191617
70.0,189.0,141.0,0.011976047904191617
70.0,190.0,140.0,0.01347305389221557
70.0,191.0,139.0,0.008982035928143712
70.0,192.0,138.0,0.008982035928143712
70.0,193.0,137.0,0.008982035928143712
70.0,194.0,136.0,0.008982035928143712
70.0,195.0,135.0,0.004491017964071856
70.0,196.0,134.0,0.0029940119760479044
70.0,197.0,133.0,0.004491017964071856
70.0,198.0,132.0,0.008982035928143712
70.0,199.0,131.0,0.010479041916167664
70.0,200.0,130.0,0.005988023952095809
70.0,200.99999999999997,129.0,0.005988023952095809
70.0,202.0,128.0,0.0014970059880239522
70.0,202.99999999999997,127.0,0.004491017964071856
70.0,204.0,126.0,0.004491017964071856
70.0,204.99999999999997,125.0,0.0029940119760479044
70.0,206.0,124.0,0.0014970059880239522
71.0,172.0,157.0,0.0014970059880239522
71.0,173.0,156.0,0.014970059880239521
71.0,174.0,155.0,0.058383233532934134
71.0,175.0,154.0,0.16167664670658682
71.0,176.0,153.0,0.32934131736526945
71.0,177.0,152.0,0.4161676646706587
71.0,178.0,151.0,0.41467065868263475
71.0,179.0,150.0,0.37574850299401197
71.0,180.0,149.0,0.27395209580838326
71.0,181.0,148.0,0.14820359281437126
71.0,182.0,147.0,0.0658682634730539
71.0,183.0,146.0,0.04491017964071856
71.0,184.0,145.0,0.0374251497005988
71.0,185.0,144.0,0.025449101796407185
71.0,186.0,143.0,0.017964071856287425
71.0,187.0,142.0,0.01347305389221557
71.0,188.0,141.0,0.014970059880239521
71.0,189.0,140.0,0.008982035928143712
71.0,190.0,139.0,0.0074850299401197605
71.0,191.0,138.0,0.008982035928143712
71.0,192.0,137.0,0.008982035928143712
71.0,193.0,136.0,0.0074850299401197605
71.0,194.0,135.0,0.004491017964071856
71.0,195.0,134.0,0.010479041916167664
71.0,196.0,133.0,0.008982035928143712
71.0,197.0,132.0,0.004491017964071856
71.0,198.0,131.0,0.008982035928143712
71.0,199.0,130.0,0.008982035928143712
71.0,200.0,129.0,0.0074850299401197605
71.0,200.99999999999997,128.0,0.0029940119760479044
71.0,204.0,125.0,0.0014970059880239522
72.0,170.0,158.0,0.0014970059880239522
72.0,171.0,157.0,0.0014970059880239522
72.0,172.0,156.0,0.019461077844311378
72.0,173.0,155.0,0.08083832335329341
72.0,174.0,154.0,0.22005988023952097
72.0,175.0,153.0,0.42065868263473055
72.0,176.0,152.0,0.5419161676646707
72.0,177.0,151.0,0.4880239520958084
72.0,178.0,150.0,0.3847305389221557
72.0,179.0,149.0,0.20508982035928144
72.0,180.0,148.0,0.1317365269461078
72.0,181.0,147.0,0.06437125748502993
72.0,182.0,146.0,0.05688622754491018
72.0,183.0,145.0,0.04640718562874251
72.0,184.0,144.0,0.03143712574850299
72.0,185.0,143.0,0.02245508982035928
72.0,186.0,142.0,0.017964071856287425
72.0,187.0,141.0,0.014970059880239521
72.0,188.0,140.0,0.008982035928143712
72.0,189.0,139.0,0.005988023952095809
72.0,190.0,138.0,0.005988023952095809
72.0,191.0,137.0,0.005988023952095809
72.0,192.0,136.0,0.010479041916167664
72.0,193.0,135.0,0.005988023952095809
72.0,194.0,134.0,0.008982035928143712
72.0,195.0,133.0,0.010479041916167664
72.0,196.0,132.0,0.0029940119760479044
72.0,197.0,131.0,0.0014970059880239522
72.0,198.0,130.0,0.0029940119760479044
72.0,199.0,129.0,0.004491017964071856
72.0,200.0,128.0,0.0014970059880239522
73.0,170.0,157.0,0.0074850299401197605
73.0,171.0,156.0,0.03143712574850299
73.0,172.0,155.0,0.10329341317365269
73.0,173.0,154.0,0.25299401197604793
73.0,174.0,153.0,0.4655688622754491
73.0,175.0,152.0,0.6182634730538922
73.0,176.0,151.0,0.5449101796407185
73.0,177.0,150.0,0.35778443113772457
73.0,178.0,149.0,0.19461077844311378
73.0,179.0,148.0,0.08682634730538923
73.0,180.0,147.0,0.07035928143712575
73.0,181.0,146.0,0.04640718562874251
73.0,182.0,145.0,0.04940119760479042
73.0,183.0,144.0,0.03293413173652695
73.0,184.0,143.0,0.020958083832335328
73.0,185.0,142.0,0.020958083832335328
73.0,186.0,141.0,0.02245508982035928
73.0,187.0,140.0,0.017964071856287425
73.0,188.0,139.0,0.008982035928143712
73.0,189.0,138.0,0.005988023952095809
73.0,190.0,137.0,0.004491017964071856
73.0,191.0,136.0,0.011976047904191617
73.0,192.0,135.0,0.014970059880239521
73.0,193.0,134.0,0.004491017964071856
73.0,194.0,133.0,0.008982035928143712
73.0,195.0,132.0,0.0014970059880239522
73.0,196.0,131.0,0.0029940119760479044
73.0,197.0,130.0,0.0029940119760479044
73.0,198.0,129.0,0.004491017964071856
73.0,199.0,128.0,0.0014970059880239522
74.0,168.0,158.0,0.0014970059880239522
74.0,169.0,157.0,0.01347305389221557
74.0,170.0,156.0,0.038922155688622756
74.0,171.0,155.0,0.14820359281437126
74.0,172.0,154.0,0.3592814371257485
74.0,173.0,153.0,0.5838323353293413
74.0,174.0,152.0,0.6691616766467066
74.0,175.0,151.0,0.5568862275449101
74.0,176.0,150.0,0.32335329341317365
74.0,177.0,149.0,0.18263473053892215
74.0,178.0,148.0,0.09431137724550898
74.0,179.0,147.0,0.07035928143712575
74.0,180.0,146.0,0.05089820359281437
74.0,181.0,145.0,0.05089820359281437
74.0,182.0,144.0,0.05089820359281437
74.0,183.0,143.0,0.03293413173652695
74.0,184.0,142.0,0.025449101796407185
74.0,185.0,141.0,0.014970059880239521
74.0,186.0,140.0,0.017964071856287425
74.0,187.0,139.0,0.011976047904191617
74.0,188.0,138.0,0.011976047904191617
74.0,189.0,137.0,0.008982035928143712
74.0,190.0,136.0,0.010479041916167664
74.0,191.0,135.0,0.011976047904191617
74.0,192.0,134.0,0.008982035928143712
74.0,193.0,133.0,0.008982035928143712
74.0,194.0,132.0,0.010479041916167664
74.0,195.0,131.0,0.005988023952095809
74.0,196.0,130.0,0.005988023952095809
74.0,197.0,129.0,0.0029940119760479044
74.0,198.0,128.0,0.0014970059880239522
75.0,167.0,158.0,0.004491017964071856
75.0,168.0,157.0,0.02245508982035928
75.0,169.0,156.0,0.05389221556886228
75.0,170.0,155.0,0.15718562874251496
75.0,171.0,154.0,0.4116766467065868
75.0,172.0,153.0,0.7050898203592815
75.0,173.0,152.0,0.7455089820359282
75.0,174.0,151.0,0.5149700598802395
75.0,175.0,150.0,0.29191616766467066
75.0,176.0,149.0,0.12724550898203593
75.0,177.0,148.0,0.0658682634730539
75.0,178.0,147.0,0.059880239520958084
75.0,179.0,146.0,0.058383233532934134
75.0,180.0,145.0,0.04341317365269461
75.0,181.0,144.0,0.03592814371257485
75.0,182.0,143.0,0.03143712574850299
75.0,183.0,142.0,0.03293413173652695
75.0,184.0,141.0,0.023952095808383235
75.0,185.0,140.0,0.014970059880239521
75.0,186.0,139.0,0.019461077844311378
75.0,187.0,138.0,0.023952095808383235
75.0,188.0,137.0,0.017964071856287425
75.0,189.0,136.0,0.020958083832335328
75.0,190.0,135.0,0.016467065868263474
75.0,191.0,134.0,0.008982035928143712
75.0,192.0,133.0,0.016467065868263474
75.0,193.0,132.0,0.010479041916167664
75.0,194.0,131.0,0.004491017964071856
75.0,195.0,130.0,0.004491017964071856
75.0,196.0,129.0,0.0014970059880239522
76.0,166.0,158.0,0.0014970059880239522
76.0,167.0,157.0,0.025449101796407185
76.0,168.0,156.0,0.09131736526946108
76.0,169.0,155.0,0.20958083832335328
76.0,170.0,154.0,0.44461077844311375
76.0,171.0,153.0,0.7529940119760479
76.0,172.0,152.0,0.8188622754491018
76.0,173.0,151.0,0.5479041916167665
76.0,174.0,150.0,0.2559880239520958
76.0,175.0,149.0,0.13323353293413173
76.0,176.0,148.0,0.0658682634730539
76.0,177.0,147.0,0.04341317365269461
76.0,178.0,146.0,0.040419161676646706
76.0,179.0,145.0,0.0374251497005988
76.0,180.0,144.0,0.03143712574850299
76.0,181.0,143.0,0.0374251497005988
76.0,182.0,142.0,0.02844311377245509
76.0,183.0,141.0,0.03293413173652695
76.0,184.0,140.0,0.02245508982035928
76.0,185.0,139.0,0.017964071856287425
76.0,186.0,138.0,0.03293413173652695
76.0,187.0,137.0,0.029940119760479042
76.0,188.0,136.0,0.02694610778443114
76.0,189.0,135.0,0.02844311377245509
76.0,190.0,134.0,0.010479041916167664
76.0,191.0,133.0,0.011976047904191617
76.0,192.0,132.0,0.010479041916167664
76.0,193.0,131.0,0.0029940119760479044
76.0,194.0,130.0,0.0014970059880239522
77.0,166.0,157.0,0.017964071856287425
77.0,167.0,156.0,0.09431137724550898
77.0,168.0,155.0,0.29191616766467066
77.0,169.0,154.0,0.5359281437125748
77.0,170.0,153.0,0.8083832335329342
77.0,171.0,152.0,0.781437125748503
77.0,172.0,151.0,0.5254491017964071
77.0,173.0,150.0,0.2754491017964072
77.0,174.0,149.0,0.12125748502994012
77.0,175.0,148.0,0.06736526946107785
77.0,176.0,147.0,0.05089820359281437
77.0,177.0,146.0,0.04341317365269461
77.0,178.0,145.0,0.041916167664670656
77.0,179.0,144.0,0.04341317365269461
77.0,180.0,143.0,0.03143712574850299
77.0,181.0,142.0,0.019461077844311378
77.0,182.0,141.0,0.023952095808383235
77.0,183.0,140.0,0.029940119760479042
77.0,184.0,139.0,0.02844311377245509
77.0,185.0,138.0,0.03143712574850299
77.0,186.0,137.0,0.03592814371257485
77.0,187.0,136.0,0.02694610778443114
77.0,188.0,135.0,0.01347305389221557
77.0,189.0,134.0,0.01347305389221557
77.0,190.0,133.0,0.004491017964071856
78.0,164.0,158.0,0.0029940119760479044
78.0,165.0,157.0,0.02694610778443114
78.0,166.0,156.0,0.12125748502994012
78.0,167.0,155.0,0.2994011976047904
78.0,168.0,154.0,0.6137724550898204
78.0,169.0,153.0,0.9101796407185628
78.0,170.0,152.0,0.907185628742515
78.0,171.0,151.0,0.5014970059880239
78.0,172.0,150.0,0.22305389221556887
78.0,173.0,149.0,0.12574850299401197
78.0,174.0,148.0,0.09730538922155689
78.0,175.0,147.0,0.06736526946107785
78.0,176.0,146.0,0.0688622754491018
78.0,177.0,145.0,0.06736526946107785
78.0,178.0,144.0,0.04640718562874251
78.0,179.0,143.0,0.040419161676646706
78.0,180.0,142.0,0.02694610778443114
78.0,181.0,141.0,0.0344311377245509
78.0,182.0,140.0,0.03143712574850299
78.0,183.0,139.0,0.03293413173652695
78.0,184.0,138.0,0.038922155688622756
78.0,185.0,137.0,0.02844311377245509
78.0,186.0,136.0,0.025449101796407185
78.0,187.0,135.0,0.011976047904191617
78.0,188.0,134.0,0.0029940119760479044
78.0,189.0,133.0,0.0014970059880239522
79.0,162.0,159.0,0.0014970059880239522
79.0,163.0,158.0,0.005988023952095809
79.0,164.0,157.0,0.0374251497005988
79.0,165.0,156.0,0.18263473053892215
79.0,166.0,155.0,0.41317365269461076
79.0,167.0,154.0,0.6601796407185628
79.0,168.0,153.0,0.9086826347305389
79.0,169.0,152.0,1.0
79.0,170.0,151.0,0.5868263473053892
79.0,171.0,150.0,0.23203592814371257
79.0,172.0,149.0,0.11976047904191617
79.0,173.0,148.0,0.10029940119760479
79.0,174.0,147.0,0.09431137724550898
79.0,175.0,146.0,0.07335329341317365
79.0,176.0,145.0,0.08233532934131736
79.0,177.0,144.0,0.061377245508982034
79.0,178.0,143.0,0.05389221556886228
79.0,179.0,142.0,0.04640718562874251
79.0,180.0,141.0,0.04341317365269461
79.0,181.0,140.0,0.038922155688622756
79.0,182.0,139.0,0.0374251497005988
79.0,183.0,138.0,0.029940119760479042
79.0,184.0,137.0,0.02245508982035928
79.0,185.0,136.0,0.008982035928143712
79.0,186.0,135.0,0.0074850299401197605
79.0,187.0,134.0,0.004491017964071856
80.0,161.0,159.0,0.004491017964071856
80.0,162.0,158.0,0.0074850299401197605
80.0,163.0,157.0,0.0374251497005988
80.0,164.0,156.0,0.18562874251497005
80.0,165.0,155.0,0.47754491017964074
80.0,166.0,154.0,0.7275449101796407
80.0,167.0,153.0,0.8532934131736527
80.0,168.0,152.0,0.9326347305389222
80.0,169.0,151.0,0.6392215568862275
80.0,170.0,150.0,0.25898203592814373
80.0,171.0,149.0,0.1092814371257485
80.0,172.0,148.0,0.08682634730538923
80.0,173.0,147.0,0.09281437125748503
80.0,174.0,146.0,0.09730538922155689
80.0,175.0,145.0,0.08682634730538923
80.0,176.0,144.0,0.08083832335329341
80.0,177.0,143.0,0.059880239520958084
80.0,178.0,142.0,0.07335329341317365
80.0,179.0,141.0,0.05688622754491018
80.0,180.0,140.0,0.05389221556886228
80.0,181.0,139.0,0.03143712574850299
80.0,182.0,138.0,0.025449101796407185
80.0,183.0,137.0,0.010479041916167664
80.0,184.0,136.0,0.0029940119760479044
81.0,161.0,158.0,0.017964071856287425
81.0,162.0,157.0,0.06736526946107785
81.0,163.0,156.0,0.20658682634730538
81.0,164.0,155.0,0.49101796407185627
81.0,165.0,154.0,0.7290419161676647
81.0,166.0,153.0,0.7889221556886228
81.0,167.0,152.0,0.8892215568862275
81.0,168.0,151.0,0.6691616766467066
81.0,169.0,150.0,0.26497005988023953
81.0,170.0,149.0,0.12874251497005987
81.0,171.0,148.0,0.09730538922155689
81.0,172.0,147.0,0.10179640718562874
81.0,173.0,146.0,0.09281437125748503
81.0,174.0,145.0,0.07634730538922156
81.0,175.0,144.0,0.0748502994011976
81.0,176.0,143.0,0.08233532934131736
81.0,177.0,142.0,0.08982035928143713
81.0,178.0,141.0,0.059880239520958084
81.0,179.0,140.0,0.06437125748502993
81.0,180.0,139.0,0.029940119760479042
81.0,181.0,138.0,0.016467065868263474
81.0,182.0,137.0,0.0074850299401197605
82.0,160.0,158.0,0.011976047904191617
82.0,161.0,157.0,0.06437125748502993
82.0,162.0,156.0,0.218562874251497
82.0,163.0,155.0,0.5583832335329342
82.0,164.0,154.0,0.7365269461077845
82.0,165.0,153.0,0.7514970059880239
82.0,166.0,152.0,0.7544910179640718
82.0,167.0,151.0,0.7664670658682635
82.0,168.0,150.0,0.27694610778443113
82.0,169.0,149.0,0.1437125748502994
82.0,170.0,148.0,0.12574850299401197
82.0,171.0,147.0,0.09431137724550898
82.0,172.0,146.0,0.10778443113772455
82.0,173.0,145.0,0.11826347305389222
82.0,174.0,144.0,0.1062874251497006
82.0,175.0,143.0,0.08982035928143713
82.0,176.0,142.0,0.07784431137724551
82.0,177.0,141.0,0.041916167664670656
82.0,178.0,140.0,0.03592814371257485
82.0,179.0,139.0,0.019461077844311378
82.0,180.0,138.0,0.004491017964071856
82.0,181.0,137.0,0.0014970059880239522
83.0,158.0,159.0,0.004491017964071856
83.0,159.0,158.0,0.011976047904191617
83.0,160.0,157.0,0.0748502994011976
83.0,161.0,156.0,0.26497005988023953
83.0,162.0,155.0,0.5508982035928144
83.0,163.0,154.0,0.7784431137724551
83.0,164.0,153.0,0.687125748502994
83.0,165.0,152.0,0.6437125748502994
83.0,166.0,151.0,0.75
83.0,167.0,150.0,0.3787425149700599
83.0,168.0,149.0,0.12574850299401197
83.0,169.0,148.0,0.13023952095808383
83.0,170.0,147.0,0.11976047904191617
83.0,171.0,146.0,0.0748502994011976
83.0,172.0,145.0,0.1062874251497006
83.0,173.0,144.0,0.1122754491017964
83.0,174.0,143.0,0.10179640718562874
83.0,175.0,142.0,0.07035928143712575
83.0,176.0,141.0,0.0344311377245509
83.0,177.0,140.0,0.01347305389221557
83.0,178.0,139.0,0.0074850299401197605
84.0,158.0,158.0,0.017964071856287425
84.0,159.0,157.0,0.08083832335329341
84.0,160.0,156.0,0.31137724550898205
84.0,161.0,155.0,0.5808383233532934
84.0,162.0,154.0,0.7200598802395209
84.0,163.0,153.0,0.7005988023952096
84.0,164.0,152.0,0.561377245508982
84.0,165.0,151.0,0.6991017964071856
84.0,166.0,150.0,0.5434131736526946
84.0,167.0,149.0,0.17664670658682635
84.0,168.0,148.0,0.13922155688622753
84.0,169.0,147.0,0.1467065868263473
84.0,170.0,146.0,0.1377245508982036
84.0,171.0,145.0,0.10479041916167664
84.0,172.0,144.0,0.09880239520958084
84.0,173.0,143.0,0.11077844311377245
84.0,174.0,142.0,0.07035928143712575
84.0,175.0,141.0,0.02245508982035928
84.0,176.0,140.0,0.005988023952095809
85.0,157.0,158.0,0.0074850299401197605
85.0,158.0,157.0,0.09281437125748503
85.0,159.0,156.0,0.3502994011976048
85.0,160.0,155.0,0.6047904191616766
85.0,161.0,154.0,0.7410179640718563
85.0,162.0,153.0,0.6526946107784432
85.0,163.0,152.0,0.5913173652694611
85.0,164.0,151.0,0.5374251497005988
85.0,165.0,150.0,0.6601796407185628
85.0,166.0,149.0,0.27694610778443113
85.0,167.0,148.0,0.1497005988023952
85.0,168.0,147.0,0.1497005988023952
85.0,169.0,146.0,0.15718562874251496
85.0,170.0,145.0,0.13622754491017963
85.0,171.0,144.0,0.09730538922155689
85.0,172.0,143.0,0.0718562874251497
85.0,173.0,142.0,0.04491017964071856
85.0,174.0,141.0,0.008982035928143712
86.0,156.0,158.0,0.005988023952095809
86.0,157.0,157.0,0.08832335329341318
86.0,158.0,156.0,0.36077844311377244
86.0,159.0,155.0,0.6482035928143712
86.0,160.0,154.0,0.6901197604790419
86.0,161.0,153.0,0.6526946107784432
86.0,162.0,152.0,0.5748502994011976
86.0,163.0,151.0,0.5553892215568862
86.0,164.0,150.0,0.655688622754491
86.0,165.0,149.0,0.45808383233532934
86.0,166.0,148.0,0.20658682634730538
86.0,167.0,147.0,0.1631736526946108
86.0,168.0,146.0,0.15119760479041916
86.0,169.0,145.0,0.1347305389221557
86.0,170.0,144.0,0.08532934131736528
86.0,171.0,143.0,0.04790419161676647
86.0,172.0,142.0,0.011976047904191617
86.0,173.0,141.0,0.0029940119760479044
87.0,155.0,158.0,0.0029940119760479044
87.0,156.0,157.0,0.09281437125748503
87.0,157.0,156.0,0.35778443113772457
87.0,158.0,155.0,0.6452095808383234
87.0,159.0,154.0,0.7455089820359282
87.0,160.0,153.0,0.6077844311377245
87.0,161.0,152.0,0.531437125748503
87.0,162.0,151.0,0.4865269461077844
87.0,163.0,150.0,0.5374251497005988
87.0,164.0,149.0,0.5134730538922155
87.0,165.0,148.0,0.23203592814371257
87.0,166.0,147.0,0.20209580838323354
87.0,167.0,146.0,0.15269461077844312
87.0,168.0,145.0,0.12425149700598802
87.0,169.0,144.0,0.07634730538922156
87.0,170.0,143.0,0.025449101796407185
87.0,171.0,142.0,0.0029940119760479044
88.0,154.0,158.0,0.005988023952095809
88.0,155.0,157.0,0.09580838323353294
88.0,156.0,156.0,0.38622754491017963
88.0,157.0,155.0,0.7215568862275449
88.0,158.0,154.0,0.7964071856287425
88.0,159.0,153.0,0.6422155688622755
88.0,160.0,152.0,0.49700598802395207
88.0,161.0,151.0,0.43862275449101795
88.0,162.0,150.0,0.4595808383233533
88.0,163.0,149.0,0.5748502994011976
88.0,164.0,148.0,0.3967065868263473
88.0,165.0,147.0,0.2125748502994012
88.0,166.0,146.0,0.15718562874251496
88.0,167.0,145.0,0.08832335329341318
88.0,168.0,144.0,0.05239520958083832
88.0,169.0,143.0,0.020958083832335328
89.0,153.0,158.0,0.01347305389221557
89.0,154.0,157.0,0.08682634730538923
89.0,155.0,156.0,0.3413173652694611
89.0,156.0,155.0,0.75
89.0,157.0,154.0,0.8592814371257484
89.0,158.0,153.0,0.6811377245508982
89.0,159.0,152.0,0.5104790419161677
89.0,160.0,151.0,0.45209580838323354
89.0,161.0,150.0,0.44610778443113774
89.0,162.0,149.0,0.5029940119760479
89.0,163.0,148.0,0.4820359281437126
89.0,164.0,147.0,0.23502994011976047
89.0,165.0,146.0,0.12275449101796407
89.0,166.0,145.0,0.04341317365269461
89.0,167.0,144.0,0.017964071856287425
89.0,168.0,143.0,0.005988023952095809
89.0,169.0,142.0,0.0014970059880239522
90.0,152.0,158.0,0.0074850299401197605
90.0,153.0,157.0,0.08532934131736528
90.0,154.0,156.0,0.35778443113772457
90.0,155.0,155.0,0.7320359281437125
90.0,156.0,154.0,0.8652694610778443
90.0,157.0,153.0,0.6796407185628742
90.0,158.0,152.0,0.5299401197604791
90.0,159.0,151.0,0.4491017964071856
90.0,160.0,150.0,0.4535928143712575
90.0,161.0,149.0,0.4535928143712575
90.0,162.0,148.0,0.42065868263473055
90.0,163.0,147.0,0.2874251497005988
90.0,164.0,146.0,0.10179640718562874
90.0,165.0,145.0,0.0344311377245509
90.0,166.0,144.0,0.0074850299401197605
90.0,167.0,143.0,0.0029940119760479044
91.0,151.0,158.0,0.0014970059880239522
91.0,152.0,157.0,0.08233532934131736
91.0,153.0,156.0,0.3772455089820359
91.0,154.0,155.0,0.7110778443113772
91.0,155.0,154.0,0.7664670658682635
91.0,156.0,153.0,0.6437125748502994
91.0,157.0,152.0,0.5464071856287425
91.0,158.0,151.0,0.4625748502994012
91.0,159.0,150.0,0.4476047904191617
91.0,160.0,149.0,0.4176646706586826
91.0,161.0,148.0,0.3592814371257485
91.0,162.0,147.0,0.28293413173652693
91.0,163.0,146.0,0.11826347305389222
91.0,164.0,145.0,0.023952095808383235
91.0,165.0,144.0,0.0029940119760479044
91.0,166.0,143.0,0.0014970059880239522
92.0,151.0,157.0,0.05239520958083832
92.0,152.0,156.0,0.3158682634730539
92.0,153.0,155.0,0.7080838323353293
92.0,154.0,154.0,0.7470059880239521
92.0,155.0,153.0,0.5988023952095808
92.0,156.0,152.0,0.5284431137724551
92.0,157.0,151.0,0.5
92.0,158.0,150.0,0.4161676646706587
92.0,159.0,149.0,0.38023952095808383
92.0,160.0,148.0,0.2949101796407186
92.0,161.0,147.0,0.23353293413173654
92.0,162.0,146.0,0.1377245508982036
92.0,163.0,145.0,0.020958083832335328
92.0,164.0,144.0,0.010479041916167664
92.0,165.0,143.0,0.0074850299401197605
93.0,150.0,157.0,0.03143712574850299
93.0,151.0,156.0,0.27694610778443113
93.0,152.0,155.0,0.7110778443113772
93.0,153.0,154.0,0.7754491017964071
93.0,154.0,153.0,0.6422155688622755
93.0,155.0,152.0,0.5508982035928144
93.0,156.0,151.0,0.5179640718562875
93.0,157.0,150.0,0.47305389221556887
93.0,158.0,149.0,0.3413173652694611
93.0,159.0,148.0,0.23053892215568864
93.0,160.0,147.0,0.17065868263473055
93.0,161.0,146.0,0.14820359281437126
93.0,162.0,145.0,0.08083832335329341
93.0,163.0,144.0,0.020958083832335328
93.0,164.0,143.0,0.017964071856287425
93.0,165.0,142.0,0.004491017964071856
94.0,149.0,157.0,0.014970059880239521
94.0,150.0,156.0,0.2155688622754491
94.0,151.0,155.0,0.6661676646706587
94.0,152.0,154.0,0.7994011976047904
94.0,153.0,153.0,0.6287425149700598
94.0,154.0,152.0,0.5673652694610778
94.0,155.0,151.0,0.5059880239520959
94.0,156.0,150.0,0.4311377245508982
94.0,157.0,149.0,0.2994011976047904
94.0,158.0,148.0,0.1437125748502994
94.0,159.0,147.0,0.11526946107784432
94.0,160.0,146.0,0.10179640718562874
94.0,161.0,145.0,0.10029940119760479
94.0,162.0,144.0,0.040419161676646706
94.0,163.0,143.0,0.023952095808383235
94.0,164.0,142.0,0.010479041916167664
94.0,165.0,141.0,0.0029940119760479044
94.0,166.0,140.0,0.0014970059880239522
95.0,148.0,157.0,0.0014970059880239522
95.0,149.0,156.0,0.19311377245508982
95.0,150.0,155.0,0.6317365269461078
95.0,151.0,154.0,0.7664670658682635
95.0,152.0,153.0,0.6931137724550899
95.0,153.0,152.0,0.6137724550898204
95.0,154.0,151.0,0.5673652694610778
95.0,155.0,150.0,0.4176646706586826
95.0,156.0,149.0,0.25149700598802394
95.0,157.0,148.0,0.11826347305389222
95.0,158.0,147.0,0.07784431137724551
95.0,159.0,146.0,0.06287425149700598
95.0,160.0,145.0,0.0718562874251497
95.0,161.0,144.0,0.05239520958083832
95.0,162.0,143.0,0.03143712574850299
95.0,163.0,142.0,0.016467065868263474
95.0,164.0,141.0,0.0074850299401197605
95.0,165.0,140.0,0.0014970059880239522
96.0,147.0,157.0,0.0029940119760479044
96.0,148.0,156.0,0.11676646706586827
96.0,149.0,155.0,0.5913173652694611
96.0,150.0,154.0,0.8607784431137725
96.0,151.0,153.0,0.7245508982035929
96.0,152.0,152.0,0.6092814371257484
96.0,153.0,151.0,0.5254491017964071
96.0,154.0,150.0,0.3937125748502994
96.0,155.0,149.0,0.18413173652694612
96.0,156.0,148.0,0.08682634730538923
96.0,157.0,147.0,0.0718562874251497
96.0,158.0,146.0,0.04640718562874251
96.0,159.0,145.0,0.05538922155688623
96.0,160.0,144.0,0.04491017964071856
96.0,161.0,143.0,0.04341317365269461
96.0,162.0,142.0,0.023952095808383235
96.0,163.0,141.0,0.016467065868263474
96.0,164.0,140.0,0.0029940119760479044
96.0,165.0,139.0,0.0029940119760479044
97.0,146.0,157.0,0.0014970059880239522
97.0,147.0,156.0,0.0688622754491018
97.0,148.0,155.0,0.4745508982035928
97.0,149.0,154.0,0.9266467065868264
97.0,150.0,153.0,0.8293413173652695
97.0,151.0,152.0,0.6392215568862275
97.0,152.0,151.0,0.4865269461077844
97.0,153.0,150.0,0.32335329341317365
97.0,154.0,149.0,0.17065868263473055
97.0,155.0,148.0,0.0688622754491018
97.0,156.0,147.0,0.04491017964071856
97.0,157.0,146.0,0.0374251497005988
97.0,158.0,145.0,0.03293413173652695
97.0,159.0,144.0,0.038922155688622756
97.0,160.0,143.0,0.038922155688622756
97.0,161.0,142.0,0.02694610778443114
97.0,162.0,141.0,0.014970059880239521
97.0,163.0,140.0,0.008982035928143712
97.0,164.0,139.0,0.008982035928143712
97.0,165.0,138.0,0.0029940119760479044
98.0,146.0,156.0,0.041916167664670656
98.0,147.0,155.0,0.3727544910179641
98.0,148.0,154.0,0.8278443113772455
98.0,149.0,153.0,0.8473053892215568
98.0,150.0,152.0,0.655688622754491
98.0,151.0,151.0,0.46407185628742514
98.0,152.0,150.0,0.26497005988023953
98.0,153.0,149.0,0.09281437125748503
98.0,154.0,148.0,0.05389221556886228
98.0,155.0,147.0,0.03143712574850299
98.0,156.0,146.0,0.03293413173652695
98.0,157.0,145.0,0.020958083832335328
98.0,158.0,144.0,0.023952095808383235
98.0,159.0,143.0,0.04940119760479042
98.0,160.0,142.0,0.038922155688622756
98.0,161.0,141.0,0.025449101796407185
98.0,162.0,140.0,0.008982035928143712
98.0,163.0,139.0,0.008982035928143712
98.0,164.0,138.0,0.0014970059880239522
98.0,166.0,136.0,0.0014970059880239522
99.0,145.0,156.0,0.01347305389221557
99.0,146.0,155.0,0.312874251497006
99.0,147.0,154.0,0.8233532934131736
99.0,148.0,153.0,0.8562874251497006
99.0,149.0,152.0,0.6616766467065869
99.0,150.0,151.0,0.41467065868263475
99.0,151.0,150.0,0.20209580838323354
99.0,152.0,149.0,0.08532934131736528
99.0,153.0,148.0,0.0374251497005988
99.0,154.0,147.0,0.03143712574850299
99.0,155.0,146.0,0.029940119760479042
99.0,156.0,145.0,0.02844311377245509
99.0,157.0,144.0,0.01347305389221557
99.0,158.0,143.0,0.025449101796407185
99.0,159.0,142.0,0.02844311377245509
99.0,160.0,141.0,0.025449101796407185
99.0,161.0,140.0,0.010479041916167664
99.0,162.0,139.0,0.010479041916167664
99.0,165.0,136.0,0.0014970059880239522
99.0,166.0,135.0,0.0014970059880239522
99.0,167.0,134.0,0.0014970059880239522
100.0,144.0,156.0,0.0014970059880239522
100.0,145.0,155.0,0.13323353293413173
100.0,146.0,154.0,0.7125748502994012
100.0,147.0,153.0,0.8847305389221557
100.0,148.0,152.0,0.7035928143712575
100.0,149.0,151.0,0.4535928143712575
100.0,150.0,150.0,0.18413173652694612
100.0,151.0,149.0,0.059880239520958084
100.0,152.0,148.0,0.038922155688622756
100.0,153.0,147.0,0.03592814371257485
100.0,154.0,146.0,0.029940119760479042
100.0,155.0,145.0,0.023952095808383235
100.0,156.0,144.0,0.020958083832335328
100.0,157.0,143.0,0.017964071856287425
100.0,158.0,142.0,0.020958083832335328
100.0,159.0,141.0,0.0344311377245509
100.0,160.0,140.0,0.011976047904191617
100.0,161.0,139.0,0.011976047904191617
100.0,162.0,138.0,0.005988023952095809
100.0,163.0,137.0,0.0014970059880239522
100.0,164.0,136.0,0.0014970059880239522
100.0,166.0,134.0,0.0014970059880239522
100.0,167.0,133.0,0.0014970059880239522
101.0,144.0,155.0,0.07335329341317365
101.0,145.0,154.0,0.5029940119760479
101.0,146.0,153.0,0.8532934131736527
101.0,147.0,152.0,0.6347305389221557
101.0,148.0,151.0,0.38173652694610777
101.0,149.0,150.0,0.1721556886227545
101.0,150.0,149.0,0.059880239520958084
101.0,151.0,148.0,0.040419161676646706
101.0,152.0,147.0,0.03592814371257485
101.0,153.0,146.0,0.029940119760479042
101.0,154.0,145.0,0.023952095808383235
101.0,155.0,144.0,0.02245508982035928
101.0,156.0,143.0,0.019461077844311378
101.0,157.0,142.0,0.019461077844311378
101.0,158.0,141.0,0.03143712574850299
101.0,159.0,140.0,0.023952095808383235
101.0,160.0,139.0,0.01347305389221557
101.0,161.0,138.0,0.010479041916167664
101.0,162.0,137.0,0.004491017964071856
101.0,163.0,136.0,0.0014970059880239522
101.0,164.0,135.0,0.0014970059880239522
101.0,165.0,134.0,0.0029940119760479044
101.0,166.0,133.0,0.0014970059880239522
102.0,143.0,155.0,0.014970059880239521
102.0,144.0,154.0,0.40718562874251496
102.0,145.0,153.0,0.9161676646706587
102.0,146.0,152.0,0.6901197604790419
102.0,147.0,151.0,0.36976047904191617
102.0,148.0,150.0,0.14820359281437126
102.0,149.0,149.0,0.05688622754491018
102.0,150.0,148.0,0.040419161676646706
102.0,151.0,147.0,0.0344311377245509
102.0,152.0,146.0,0.025449101796407185
102.0,153.0,145.0,0.014970059880239521
102.0,154.0,144.0,0.023952095808383235
102.0,155.0,143.0,0.014970059880239521
102.0,156.0,142.0,0.023952095808383235
102.0,157.0,141.0,0.023952095808383235
102.0,158.0,140.0,0.011976047904191617
102.0,159.0,139.0,0.010479041916167664
102.0,160.0,138.0,0.005988023952095809
102.0,161.0,137.0,0.011976047904191617
102.0,162.0,136.0,0.004491017964071856
102.0,164.0,134.0,0.0029940119760479044
102.0,165.0,133.0,0.0014970059880239522
103.0,142.0,155.0,0.0029940119760479044
103.0,143.0,154.0,0.19610778443113772
103.0,144.0,153.0,0.8622754491017964
103.0,145.0,152.0,0.7859281437125748
103.0,146.0,151.0,0.39820359281437123
103.0,147.0,150.0,0.15868263473053892
103.0,148.0,149.0,0.0658682634730539
103.0,149.0,148.0,0.023952095808383235
103.0,150.0,147.0,0.03592814371257485
103.0,151.0,146.0,0.008982035928143712
103.0,152.0,145.0,0.011976047904191617
103.0,153.0,144.0,0.020958083832335328
103.0,154.0,143.0,0.020958083832335328
103.0,155.0,142.0,0.017964071856287425
103.0,156.0,141.0,0.023952095808383235
103.0,157.0,140.0,0.008982035928143712
103.0,158.0,139.0,0.005988023952095809
103.0,159.0,138.0,0.004491017964071856
103.0,160.0,137.0,0.0074850299401197605
103.0,161.0,136.0,0.008982035928143712
103.0,162.0,135.0,0.004491017964071856
103.0,163.0,134.0,0.0014970059880239522
103.0,164.0,133.0,0.0014970059880239522
104.0,142.0,154.0,0.06736526946107785
104.0,143.0,153.0,0.6511976047904192
104.0,144.0,152.0,0.8637724550898204
104.0,145.0,151.0,0.4251497005988024
104.0,146.0,150.0,0.15868263473053892
104.0,147.0,149.0,0.058383233532934134
104.0,148.0,148.0,0.023952095808383235
104.0,149.0,147.0,0.020958083832335328
104.0,150.0,146.0,0.025449101796407185
104.0,151.0,145.0,0.008982035928143712
104.0,152.0,144.0,0.011976047904191617
104.0,153.0,143.0,0.011976047904191617
104.0,154.0,142.0,0.010479041916167664
104.0,155.0,141.0,0.004491017964071856
104.0,156.0,140.0,0.005988023952095809
104.0,157.0,139.0,0.0074850299401197605
104.0,158.0,138.0,0.004491017964071856
104.0,159.0,137.0,0.004491017964071856
104.0,160.0,136.0,0.004491017964071856
104.0,161.0,135.0,0.005988023952095809
104.0,162.0,134.0,0.0014970059880239522
104.0,163.0,133.0,0.0014970059880239522
105.0,141.0,154.0,0.011976047904191617
105.0,142.0,153.0,0.3772455089820359
105.0,143.0,152.0,0.8517964071856288
105.0,144.0,151.0,0.43263473053892215
105.0,145.0,150.0,0.12574850299401197
105.0,146.0,149.0,0.05089820359281437
105.0,147.0,148.0,0.029940119760479042
105.0,148.0,147.0,0.016467065868263474
105.0,149.0,146.0,0.019461077844311378
105.0,150.0,145.0,0.016467065868263474
105.0,151.0,144.0,0.008982035928143712
105.0,152.0,143.0,0.010479041916167664
105.0,153.0,142.0,0.014970059880239521
105.0,154.0,141.0,0.0074850299401197605
105.0,155.0,140.0,0.005988023952095809
105.0,156.0,139.0,0.011976047904191617
105.0,157.0,138.0,0.0074850299401197605
105.0,158.0,137.0,0.004491017964071856
105.0,159.0,136.0,0.004491017964071856
105.0,160.0,135.0,0.004491017964071856
105.0,161.0,134.0,0.0014970059880239522
105.0,162.0,133.0,0.0014970059880239522
105.0,163.0,132.0,0.0014970059880239522
106.0,141.0,153.0,0.15419161676646706
106.0,142.0,152.0,0.7050898203592815
106.0,143.0,151.0,0.5344311377245509
106.0,144.0,150.0,0.13323353293413173
106.0,145.0,149.0,0.04790419161676647
106.0,146.0,148.0,0.02844311377245509
106.0,147.0,147.0,0.025449101796407185
106.0,148.0,146.0,0.014970059880239521
106.0,149.0,145.0,0.014970059880239521
106.0,150.0,144.0,0.005988023952095809
106.0,151.0,143.0,0.005988023952095809
106.0,152.0,142.0,0.008982035928143712
106.0,153.0,141.0,0.005988023952095809
106.0,154.0,140.0,0.004491017964071856
106.0,155.0,139.0,0.008982035928143712
106.0,156.0,138.0,0.004491017964071856
106.0,157.0,137.0,0.0029940119760479044
106.0,158.0,136.0,0.005988023952095809
106.0,159.0,135.0,0.0029940119760479044
106.0,162.0,132.0,0.0014970059880239522
106.0,163.0,131.0,0.0014970059880239522
106.0,165.0,129.0,0.0014970059880239522
106.0,166.0,128.0,0.0014970059880239522
107.0,140.0,153.0,0.016467065868263474
107.0,141.0,152.0,0.5059880239520959
107.0,142.0,151.0,0.6526946107784432
107.0,143.0,150.0,0.19011976047904192
107.0,144.0,149.0,0.04491017964071856
107.0,145.0,148.0,0.03592814371257485
107.0,146.0,147.0,0.016467065868263474
107.0,147.0,146.0,0.014970059880239521
107.0,148.0,145.0,0.014970059880239521
107.0,149.0,144.0,0.011976047904191617
107.0,150.0,143.0,0.0074850299401197605
107.0,151.0,142.0,0.004491017964071856
107.0,152.0,141.0,0.004491017964071856
107.0,153.0,140.0,0.004491017964071856
107.0,154.0,139.0,0.004491017964071856
107.0,155.0,138.0,0.004491017964071856
107.0,156.0,137.0,0.0014970059880239522
107.0,157.0,136.0,0.0014970059880239522
107.0,158.0,135.0,0.0014970059880239522
107.0,159.0,134.0,0.0014970059880239522
107.0,162.0,131.0,0.0029940119760479044
107.0,164.0,129.0,0.0014970059880239522
107.0,165.0,128.0,0.0029940119760479044
107.0,166.0,127.0,0.0014970059880239522
108.0,140.0,152.0,0.25299401197604793
108.0,141.0,151.0,0.6841317365269461
108.0,142.0,150.0,0.27844311377245506
108.0,143.0,149.0,0.04491017964071856
108.0,144.0,148.0,0.03143712574850299
108.0,145.0,147.0,0.017964071856287425
108.0,146.0,146.0,0.01347305389221557
108.0,147.0,145.0,0.011976047904191617
108.0,148.0,144.0,0.014970059880239521
108.0,149.0,143.0,0.008982035928143712
108.0,150.0,142.0,0.010479041916167664
108.0,151.0,141.0,0.008982035928143712
108.0,152.0,140.0,0.0074850299401197605
108.0,153.0,139.0,0.004491017964071856
108.0,154.0,138.0,0.0014970059880239522
108.0,155.0,137.0,0.0014970059880239522
108.0,158.0,134.0,0.0029940119760479044
108.0,159.0,133.0,0.0029940119760479044
108.0,160.0,132.0,0.0014970059880239522
108.0,161.0,131.0,0.0014970059880239522
108.0,162.0,130.0,0.0014970059880239522
108.0,165.0,127.0,0.0014970059880239522
108.0,166.0,126.0,0.0014970059880239522
109.00000000000001,139.0,152.0,0.03143712574850299
109.00000000000001,140.0,151.0,0.4880239520958084
109.00000000000001,141.0,150.0,0.39221556886227543
109.00000000000001,142.0,149.0,0.07934131736526946
109.00000000000001,143.0,148.0,0.029940119760479042
109.00000000000001,144.0,147.0,0.011976047904191617
109.00000000000001,145.0,146.0,0.011976047904191617
109.00000000000001,146.0,145.0,0.01347305389221557
109.00000000000001,147.0,144.0,0.014970059880239521
109.00000000000001,148.0,143.0,0.008982035928143712
109.00000000000001,149.0,142.0,0.005988023952095809
109.00000000000001,150.0,141.0,0.005988023952095809
109.00000000000001,151.0,140.0,0.010479041916167664
109.00000000000001,152.0,139.0,0.0029940119760479044
109.00000000000001,153.0,138.0,0.0014970059880239522
109.00000000000001,156.0,135.0,0.004491017964071856
109.00000000000001,157.0,134.0,0.005988023952095809
109.00000000000001,158.0,133.0,0.0029940119760479044
109.00000000000001,159.0,132.0,0.0029940119760479044
109.00000000000001,165.0,126.0,0.0014970059880239522
109.00000000000001,166.0,125.0,0.0014970059880239522
110.00000000000001,139.0,151.0,0.22305389221556887
110.00000000000001,140.0,150.0,0.4820359281437126
110.00000000000001,141.0,149.0,0.10778443113772455
110.00000000000001,142.0,148.0,0.025449101796407185
110.00000000000001,143.0,147.0,0.029940119760479042
110.00000000000001,144.0,146.0,0.016467065868263474
110.00000000000001,145.0,145.0,0.014970059880239521
110.00000000000001,146.0,144.0,0.010479041916167664
110.00000000000001,147.0,143.0,0.004491017964071856
110.00000000000001,148.0,142.0,0.0029940119760479044
110.00000000000001,150.0,140.0,0.005988023952095809
110.00000000000001,151.0,139.0,0.004491017964071856
110.00000000000001,152.0,138.0,0.0029940119760479044
110.00000000000001,153.0,137.0,0.0014970059880239522
110.00000000000001,154.0,136.0,0.0014970059880239522
110.00000000000001,156.0,134.0,0.004491017964071856
110.00000000000001,158.0,132.0,0.0029940119760479044
110.00000000000001,165.0,125.0,0.0014970059880239522
111.00000000000001,138.0,151.0,0.014970059880239521
111.00000000000001,139.0,150.0,0.4026946107784431
111.00000000000001,140.0,149.0,0.23652694610778444
111.00000000000001,141.0,148.0,0.029940119760479042
111.00000000000001,142.0,147.0,0.025449101796407185
111.00000000000001,143.0,146.0,0.016467065868263474
111.00000000000001,144.0,145.0,0.008982035928143712
111.00000000000001,145.0,144.0,0.014970059880239521
111.00000000000001,146.0,143.0,0.0074850299401197605
111.00000000000001,147.0,142.0,0.005988023952095809
111.00000000000001,148.0,141.0,0.0029940119760479044
111.00000000000001,149.0,140.0,0.0014970059880239522
111.00000000000001,150.0,139.0,0.0014970059880239522
111.00000000000001,151.0,138.0,0.0029940119760479044
111.00000000000001,152.0,137.0,0.004491017964071856
111.00000000000001,153.0,136.0,0.0029940119760479044
111.00000000000001,154.0,135.0,0.0014970059880239522
111.00000000000001,157.0,132.0,0.0014970059880239522
111.00000000000001,159.0,130.0,0.0014970059880239522
112.00000000000001,138.0,150.0,0.17964071856287425
112.00000000000001,139.0,149.0,0.3502994011976048
112.00000000000001,140.0,148.0,0.0658682634730539
112.00000000000001,141.0,147.0,0.025449101796407185
112.00000000000001,142.0,146.0,0.01347305389221557
112.00000000000001,143.0,145.0,0.0074850299401197605
112.00000000000001,144.0,144.0,0.005988023952095809
112.00000000000001,145.0,143.0,0.0074850299401197605
112.00000000000001,146.0,142.0,0.004491017964071856
112.00000000000001,147.0,141.0,0.004491017964071856
112.00000000000001,148.0,140.0,0.0014970059880239522
112.00000000000001,149.0,139.0,0.005988023952095809
112.00000000000001,150.0,138.0,0.004491017964071856
112.00000000000001,151.0,137.0,0.0029940119760479044
112.00000000000001,152.0,136.0,0.0029940119760479044
112.00000000000001,153.0,135.0,0.0014970059880239522
112.00000000000001,158.0,130.0,0.0014970059880239522
112.00000000000001,159.0,129.0,0.0014970059880239522
112.99999999999999,138.0,149.0,0.27095808383233533
112.99999999999999,139.0,148.0,0.19910179640718562
112.99999999999999,140.0,147.0,0.04341317365269461
112.99999999999999,141.0,146.0,0.014970059880239521
112.99999999999999,142.0,145.0,0.0074850299401197605
112.99999999999999,143.0,144.0,0.0029940119760479044
112.99999999999999,144.0,143.0,0.0014970059880239522
112.99999999999999,145.0,142.0,0.0029940119760479044
112.99999999999999,146.0,141.0,0.005988023952095809
112.99999999999999,147.0,140.0,0.0029940119760479044
112.99999999999999,149.0,138.0,0.0029940119760479044
112.99999999999999,151.0,136.0,0.0014970059880239522
112.99999999999999,152.0,135.0,0.0014970059880239522
112.99999999999999,153.0,134.0,0.0014970059880239522
113.99999999999999,137.0,149.0,0.06736526946107785
113.99999999999999,138.0,148.0,0.25449101796407186
113.99999999999999,139.0,147.0,0.06736526946107785
113.99999999999999,140.0,146.0,0.02245508982035928
113.99999999999999,141.0,145.0,0.011976047904191617
113.99999999999999,142.0,144.0,0.0074850299401197605
113.99999999999999,143.0,143.0,0.0074850299401197605
113.99999999999999,144.0,142.0,0.005988023952095809
113.99999999999999,145.0,141.0,0.0029940119760479044
113.99999999999999,146.0,140.0,0.0029940119760479044
113.99999999999999,149.0,137.0,0.0014970059880239522
113.99999999999999,152.0,134.0,0.0014970059880239522
113.99999999999999,153.0,133.0,0.0014970059880239522
113.99999999999999,166.0,120.0,0.0014970059880239522
114.99999999999999,137.0,148.0,0.13922155688622753
114.99999999999999,138.0,147.0,0.17065868263473055
114.99999999999999,139.0,146.0,0.025449101796407185
114.99999999999999,140.0,145.0,0.014970059880239521
114.99999999999999,141.0,144.0,0.0074850299401197605
114.99999999999999,142.0,143.0,0.004491017964071856
114.99999999999999,143.0,142.0,0.005988023952095809
114.99999999999999,144.0,141.0,0.0029940119760479044
114.99999999999999,145.0,140.0,0.0029940119760479044
114.99999999999999,148.0,137.0,0.0014970059880239522
114.99999999999999,149.0,136.0,0.0014970059880239522
114.99999999999999,151.0,134.0,0.0014970059880239522
114.99999999999999,153.0,132.0,0.0014970059880239522
114.99999999999999,154.0,131.0,0.0014970059880239522
114.99999999999999,165.0,120.0,0.0014970059880239522
114.99999999999999,166.0,119.0,0.0014970059880239522
115.99999999999999,136.0,148.0,0.005988023952095809
115.99999999999999,137.0,147.0,0.14520958083832336
115.99999999999999,138.0,146.0,0.0688622754491018
115.99999999999999,139.0,145.0,0.019461077844311378
115.99999999999999,140.0,144.0,0.005988023952095809
115.99999999999999,141.0,143.0,0.0074850299401197605
115.99999999999999,142.0,142.0,0.005988023952095809
115.99999999999999,143.0,141.0,0.0014970059880239522
115.99999999999999,144.0,140.0,0.0014970059880239522
115.99999999999999,150.0,134.0,0.0014970059880239522
115.99999999999999,151.0,133.0,0.0014970059880239522
115.99999999999999,153.0,131.0,0.0014970059880239522
117.0,136.0,147.0,0.041916167664670656
117.0,137.0,146.0,0.10778443113772455
117.0,138.0,145.0,0.040419161676646706
117.0,139.0,144.0,0.01347305389221557
117.0,140.0,143.0,0.010479041916167664
117.0,141.0,142.0,0.011976047904191617
117.0,142.0,141.0,0.004491017964071856
117.0,143.0,140.0,0.0014970059880239522
117.0,146.0,137.0,0.0014970059880239522
117.0,147.0,136.0,0.0014970059880239522
117.0,149.0,134.0,0.0014970059880239522
117.0,150.0,133.0,0.0014970059880239522
118.0,136.0,146.0,0.041916167664670656
118.0,137.0,145.0,0.06287425149700598
118.0,138.0,144.0,0.02245508982035928
118.0,139.0,143.0,0.014970059880239521
118.0,140.0,142.0,0.011976047904191617
118.0,141.0,141.0,0.008982035928143712
118.0,142.0,140.0,0.005988023952095809
118.0,146.0,136.0,0.0014970059880239522
118.0,147.0,135.0,0.0014970059880239522
119.0,136.0,145.0,0.03592814371257485
119.0,137.0,144.0,0.029940119760479042
119.0,138.0,143.0,0.02245508982035928
119.0,139.0,142.0,0.0074850299401197605
119.0,140.0,141.0,0.004491017964071856
119.0,141.0,140.0,0.0074850299401197605
119.0,142.0,139.0,0.0014970059880239522
119.0,143.0,138.0,0.0014970059880239522
119.0,146.0,135.0,0.0014970059880239522
119.0,147.0,134.0,0.0014970059880239522
120.0,135.0,145.0,0.0014970059880239522
120.0,136.0,144.0,0.025449101796407185
120.0,137.0,143.0,0.02844311377245509
120.0,138.0,142.0,0.014970059880239521
120.0,139.0,141.0,0.004491017964071856
120.0,140.0,140.0,0.0014970059880239522
120.0,141.0,139.0,0.0029940119760479044
120.0,143.0,137.0,0.0014970059880239522
120.0,172.0,108.0,0.0014970059880239522
121.0,135.0,144.0,0.010479041916167664
121.0,136.0,143.0,0.02694610778443114
121.0,137.0,142.0,0.020958083832335328
121.0,138.0,141.0,0.0074850299401197605
121.0,140.0,139.0,0.0029940119760479044
121.0,141.0,138.0,0.0029940119760479044
121.0,156.0,123.0,0.0014970059880239522
121.0,171.0,108.0,0.0014970059880239522
121.0,172.0,107.0,0.0014970059880239522
122.0,135.0,143.0,0.004491017964071856
122.0,136.0,142.0,0.01347305389221557
122.0,137.0,141.0,0.005988023952095809
122.0,138.0,140.0,0.0029940119760479044
122.0,139.0,139.0,0.0014970059880239522
122.0,140.0,138.0,0.0014970059880239522
122.0,143.0,135.0,0.0014970059880239522
122.0,144.0,134.0,0.0014970059880239522
122.0,155.0,123.0,0.0014970059880239522
122.0,156.0,122.0,0.0014970059880239522
122.0,164.0,113.99999999999999,0.0014970059880239522
123.0,135.0,142.0,0.004491017964071856
123.0,136.0,141.0,0.005988023952095809
123.0,137.0,140.0,0.0014970059880239522
123.0,138.0,139.0,0.0074850299401197605
123.0,139.0,138.0,0.0029940119760479044
123.0,140.0,137.0,0.0014970059880239522
123.0,141.0,136.0,0.0014970059880239522
123.0,143.0,134.0,0.0014970059880239522
123.0,163.0,113.99999999999999,0.0014970059880239522
123.0,164.0,112.99999999999999,0.0014970059880239522
124.0,135.0,141.0,0.0029940119760479044
124.0,136.0,140.0,0.0014970059880239522
124.0,137.0,139.0,0.0029940119760479044
124.0,138.0,138.0,0.005988023952095809
124.0,139.0,137.0,0.0014970059880239522
124.0,140.0,136.0,0.0014970059880239522
125.0,136.0,139.0,0.0029940119760479044
125.0,137.0,138.0,0.0014970059880239522
125.0,138.0,137.0,0.0029940119760479044
125.0,139.0,136.0,0.0014970059880239522
125.0,144.0,131.0,0.0014970059880239522
126.0,135.0,139.0,0.0029940119760479044
126.0,136.0,138.0,0.004491017964071856
126.0,137.0,137.0,0.0014970059880239522
126.0,138.0,136.0,0.0014970059880239522
126.0,143.0,131.0,0.0014970059880239522
126.0,144.0,130.0,0.0014970059880239522
127.0,138.0,135.0,0.0014970059880239522
128.0,137.0,135.0,0.0014970059880239522
128.0,138.0,134.0,0.0014970059880239522
131.0,138.0,131.0,0.0014970059880239522
131.0,139.0,130.0,0.0014970059880239522
