206.99999999999997,84.0,109.00000000000001,0.002288329519450801
206.99999999999997,85.0,108.0,0.002288329519450801
206.99999999999997,92.0,101.0,0.002288329519450801
206.99999999999997,93.0,100.0,0.002288329519450801
206.99999999999997,94.0,99.0,0.002288329519450801
208.0,84.0,108.0,0.002288329519450801
208.0,87.0,105.0,0.002288329519450801
208.0,89.0,103.0,0.002288329519450801
208.0,91.0,101.0,0.002288329519450801
208.0,92.0,100.0,0.002288329519450801
208.0,93.0,99.0,0.002288329519450801
208.0,103.0,89.0,0.002288329519450801
208.0,104.0,88.0,0.002288329519450801
208.0,106.0,86.0,0.002288329519450801
208.0,111.00000000000001,81.0,0.002288329519450801
208.0,112.00000000000001,80.0,0.002288329519450801
209.0,69.0,122.0,0.002288329519450801
209.0,71.0,120.0,0.002288329519450801
209.0,72.0,119.0,0.002288329519450801
209.0,80.0,111.00000000000001,0.002288329519450801
209.0,81.0,110.00000000000001,0.002288329519450801
209.0,86.0,105.0,0.004576659038901602
209.0,87.0,104.0,0.004576659038901602
209.0,88.0,103.0,0.006864988558352402
209.0,89.0,102.0,0.004576659038901602
209.0,90.0,101.0,0.004576659038901602
209.0,103.0,88.0,0.002288329519450801
209.0,105.0,86.0,0.002288329519450801
209.0,106.0,85.0,0.002288329519450801
209.0,109.00000000000001,82.0,0.002288329519450801
209.0,111.00000000000001,80.0,0.002288329519450801
210.0,68.0,122.0,0.004576659038901602
210.0,69.0,121.0,0.004576659038901602
210.0,70.0,120.0,0.002288329519450801
210.0,71.0,119.0,0.004576659038901602
210.0,72.0,118.0,0.002288329519450801
210.0,73.0,117.0,0.002288329519450801
210.0,74.0,115.99999999999999,0.002288329519450801
210.0,76.0,113.99999999999999,0.002288329519450801
210.0,77.0,112.99999999999999,0.004576659038901602
210.0,78.0,112.00000000000001,0.006864988558352402
210.0,79.0,111.00000000000001,0.004576659038901602
210.0,80.0,110.00000000000001,0.002288329519450801
210.0,81.0,109.00000000000001,0.002288329519450801
210.0,82.0,108.0,0.004576659038901602
210.0,83.0,107.0,0.002288329519450801
210.0,84.0,106.0,0.004576659038901602
210.0,85.0,105.0,0.002288329519450801
210.0,86.0,104.0,0.002288329519450801
210.0,88.0,102.0,0.004576659038901602
210.0,89.0,101.0,0.006864988558352402
210.0,90.0,100.0,0.009153318077803204
210.0,91.0,99.0,0.002288329519450801
210.0,93.0,97.0,0.009153318077803204
210.0,94.0,96.0,0.009153318077803204
210.0,95.0,95.0,0.004576659038901602
210.0,96.0,94.0,0.004576659038901602
210.0,97.0,93.0,0.004576659038901602
210.0,98.0,92.0,0.004576659038901602
210.0,99.0,91.0,0.004576659038901602
210.0,100.0,90.0,0.006864988558352402
210.0,101.0,89.0,0.009153318077803204
210.0,102.0,88.0,0.004576659038901602
210.0,103.0,87.0,0.004576659038901602
210.0,104.0,86.0,0.006864988558352402
210.0,105.0,85.0,0.002288329519450801
210.0,106.0,84.0,0.002288329519450801
210.0,108.0,82.0,0.006864988558352402
210.0,109.00000000000001,81.0,0.004576659038901602
210.0,110.00000000000001,80.0,0.002288329519450801
210.0,111.00000000000001,79.0,0.002288329519450801
210.0,112.00000000000001,78.0,0.002288329519450801
210.0,115.99999999999999,74.0,0.002288329519450801
210.0,117.0,73.0,0.002288329519450801
211.0,65.0,124.0,0.002288329519450801
211.0,66.0,123.0,0.002288329519450801
211.0,68.0,121.0,0.002288329519450801
211.0,69.0,120.0,0.002288329519450801
211.0,71.0,118.0,0.002288329519450801
211.0,73.0,115.99999999999999,0.006864988558352402
211.0,74.0,114.99999999999999,0.002288329519450801
211.0,75.0,113.99999999999999,0.002288329519450801
211.0,76.0,112.99999999999999,0.006864988558352402
211.0,77.0,112.00000000000001,0.004576659038901602
211.0,78.0,111.00000000000001,0.006864988558352402
211.0,79.0,110.00000000000001,0.011441647597254004
211.0,80.0,109.00000000000001,0.006864988558352402
211.0,81.0,108.0,0.016018306636155607
211.0,82.0,107.0,0.013729977116704805
211.0,83.0,106.0,0.009153318077803204
211.0,84.0,105.0,0.011441647597254004
211.0,85.0,104.0,0.016018306636155607
211.0,86.0,103.0,0.011441647597254004
211.0,87.0,102.0,0.018306636155606407
211.0,88.0,101.0,0.016018306636155607
211.0,89.0,100.0,0.016018306636155607
211.0,90.0,99.0,0.013729977116704805
211.0,91.0,98.0,0.013729977116704805
211.0,92.0,97.0,0.016018306636155607
211.0,93.0,96.0,0.02745995423340961
211.0,94.0,95.0,0.016018306636155607
211.0,95.0,94.0,0.020594965675057208
211.0,96.0,93.0,0.020594965675057208
211.0,97.0,92.0,0.018306636155606407
211.0,98.0,91.0,0.004576659038901602
211.0,99.0,90.0,0.016018306636155607
211.0,100.0,89.0,0.016018306636155607
211.0,101.0,88.0,0.018306636155606407
211.0,102.0,87.0,0.009153318077803204
211.0,103.0,86.0,0.006864988558352402
211.0,104.0,85.0,0.009153318077803204
211.0,105.0,84.0,0.013729977116704805
211.0,106.0,83.0,0.013729977116704805
211.0,107.0,82.0,0.009153318077803204
211.0,108.0,81.0,0.006864988558352402
211.0,109.00000000000001,80.0,0.006864988558352402
211.0,110.00000000000001,79.0,0.006864988558352402
211.0,111.00000000000001,78.0,0.004576659038901602
211.0,112.00000000000001,77.0,0.002288329519450801
211.0,112.99999999999999,76.0,0.004576659038901602
211.0,113.99999999999999,75.0,0.004576659038901602
211.0,115.99999999999999,73.0,0.002288329519450801
211.0,117.0,72.0,0.002288329519450801
211.0,118.0,71.0,0.002288329519450801
211.0,119.0,70.0,0.002288329519450801
211.0,121.0,68.0,0.002288329519450801
211.0,122.0,67.0,0.002288329519450801
212.0,64.0,124.0,0.006864988558352402
212.0,65.0,123.0,0.004576659038901602
212.0,67.0,121.0,0.002288329519450801
212.0,68.0,120.0,0.004576659038901602
212.0,69.0,119.0,0.009153318077803204
212.0,70.0,118.0,0.006864988558352402
212.0,71.0,117.0,0.002288329519450801
212.0,72.0,115.99999999999999,0.011441647597254004
212.0,73.0,114.99999999999999,0.006864988558352402
212.0,74.0,113.99999999999999,0.006864988558352402
212.0,75.0,112.99999999999999,0.011441647597254004
212.0,76.0,112.00000000000001,0.011441647597254004
212.0,77.0,111.00000000000001,0.020594965675057208
212.0,78.0,110.00000000000001,0.029748283752860413
212.0,79.0,109.00000000000001,0.041189931350114416
212.0,80.0,108.0,0.02517162471395881
212.0,81.0,107.0,0.034324942791762014
212.0,82.0,106.0,0.02517162471395881
212.0,83.0,105.0,0.02517162471395881
212.0,84.0,104.0,0.02745995423340961
212.0,85.0,103.0,0.029748283752860413
212.0,86.0,102.0,0.034324942791762014
212.0,87.0,101.0,0.038901601830663615
212.0,88.0,100.0,0.032036613272311214
212.0,89.0,99.0,0.038901601830663615
212.0,90.0,98.0,0.032036613272311214
212.0,91.0,97.0,0.032036613272311214
212.0,92.0,96.0,0.041189931350114416
212.0,93.0,95.0,0.034324942791762014
212.0,94.0,94.0,0.05263157894736842
212.0,95.0,93.0,0.05263157894736842
212.0,96.0,92.0,0.043478260869565216
212.0,97.0,91.0,0.05034324942791762
212.0,98.0,90.0,0.036613272311212815
212.0,99.0,89.0,0.032036613272311214
212.0,100.0,88.0,0.034324942791762014
212.0,101.0,87.0,0.029748283752860413
212.0,102.0,86.0,0.018306636155606407
212.0,103.0,85.0,0.020594965675057208
212.0,104.0,84.0,0.018306636155606407
212.0,105.0,83.0,0.02288329519450801
212.0,106.0,82.0,0.018306636155606407
212.0,107.0,81.0,0.020594965675057208
212.0,108.0,80.0,0.011441647597254004
212.0,109.00000000000001,79.0,0.016018306636155607
212.0,110.00000000000001,78.0,0.018306636155606407
212.0,111.00000000000001,77.0,0.009153318077803204
212.0,112.00000000000001,76.0,0.011441647597254004
212.0,112.99999999999999,75.0,0.013729977116704805
212.0,113.99999999999999,74.0,0.009153318077803204
212.0,114.99999999999999,73.0,0.006864988558352402
212.0,115.99999999999999,72.0,0.004576659038901602
212.0,117.0,71.0,0.004576659038901602
212.0,118.0,70.0,0.006864988558352402
212.0,119.0,69.0,0.002288329519450801
212.0,121.0,67.0,0.006864988558352402
213.0,49.0,138.0,0.002288329519450801
213.0,50.0,137.0,0.002288329519450801
213.0,57.99999999999999,129.0,0.002288329519450801
213.0,62.0,125.0,0.002288329519450801
213.0,63.0,124.0,0.006864988558352402
213.0,64.0,123.0,0.006864988558352402
213.0,65.0,122.0,0.002288329519450801
213.0,66.0,121.0,0.009153318077803204
213.0,67.0,120.0,0.009153318077803204
213.0,68.0,119.0,0.009153318077803204
213.0,69.0,118.0,0.016018306636155607
213.0,70.0,117.0,0.016018306636155607
213.0,71.0,115.99999999999999,0.020594965675057208
213.0,72.0,114.99999999999999,0.02288329519450801
213.0,73.0,113.99999999999999,0.02517162471395881
213.0,74.0,112.99999999999999,0.038901601830663615
213.0,75.0,112.00000000000001,0.038901601830663615
213.0,76.0,111.00000000000001,0.041189931350114416
213.0,77.0,110.00000000000001,0.038901601830663615
213.0,78.0,109.00000000000001,0.06636155606407322
213.0,79.0,108.0,0.07093821510297482
213.0,80.0,107.0,0.057208237986270026
213.0,81.0,106.0,0.05034324942791762
213.0,82.0,105.0,0.043478260869565216
213.0,83.0,104.0,0.04805491990846682
213.0,84.0,103.0,0.06407322654462243
213.0,85.0,102.0,0.06178489702517163
213.0,86.0,101.0,0.08009153318077804
213.0,87.0,100.0,0.09153318077803203
213.0,88.0,99.0,0.09153318077803203
213.0,89.0,98.0,0.08237986270022883
213.0,90.0,97.0,0.07093821510297482
213.0,91.0,96.0,0.08924485125858124
213.0,92.0,95.0,0.07093821510297482
213.0,93.0,94.0,0.07780320366132723
213.0,94.0,93.0,0.09382151029748284
213.0,95.0,92.0,0.06178489702517163
213.0,96.0,91.0,0.06864988558352403
213.0,97.0,90.0,0.07093821510297482
213.0,98.0,89.0,0.06407322654462243
213.0,99.0,88.0,0.06407322654462243
213.0,100.0,87.0,0.06407322654462243
213.0,101.0,86.0,0.05034324942791762
213.0,102.0,85.0,0.05491990846681922
213.0,103.0,84.0,0.057208237986270026
213.0,104.0,83.0,0.038901601830663615
213.0,105.0,82.0,0.038901601830663615
213.0,106.0,81.0,0.02745995423340961
213.0,107.0,80.0,0.02517162471395881
213.0,108.0,79.0,0.02745995423340961
213.0,109.00000000000001,78.0,0.038901601830663615
213.0,110.00000000000001,77.0,0.02288329519450801
213.0,111.00000000000001,76.0,0.018306636155606407
213.0,112.00000000000001,75.0,0.018306636155606407
213.0,112.99999999999999,74.0,0.016018306636155607
213.0,113.99999999999999,73.0,0.013729977116704805
213.0,114.99999999999999,72.0,0.018306636155606407
213.0,115.99999999999999,71.0,0.013729977116704805
213.0,117.0,70.0,0.004576659038901602
213.0,118.0,69.0,0.009153318077803204
213.0,119.0,68.0,0.011441647597254004
213.0,120.0,67.0,0.006864988558352402
213.0,121.0,66.0,0.006864988558352402
213.0,126.0,61.0,0.002288329519450801
214.0,49.0,137.0,0.002288329519450801
214.0,54.0,132.0,0.002288329519450801
214.0,56.99999999999999,129.0,0.002288329519450801
214.0,57.99999999999999,128.0,0.002288329519450801
214.0,60.0,126.0,0.002288329519450801
214.0,61.0,125.0,0.009153318077803204
214.0,62.0,124.0,0.004576659038901602
214.0,63.0,123.0,0.004576659038901602
214.0,64.0,122.0,0.013729977116704805
214.0,65.0,121.0,0.013729977116704805
214.0,66.0,120.0,0.018306636155606407
214.0,67.0,119.0,0.02288329519450801
214.0,68.0,118.0,0.020594965675057208
214.0,69.0,117.0,0.029748283752860413
214.0,70.0,115.99999999999999,0.04576659038901602
214.0,71.0,114.99999999999999,0.04805491990846682
214.0,72.0,113.99999999999999,0.05034324942791762
214.0,73.0,112.99999999999999,0.057208237986270026
214.0,74.0,112.00000000000001,0.06407322654462243
214.0,75.0,111.00000000000001,0.07780320366132723
214.0,76.0,110.00000000000001,0.059496567505720827
214.0,77.0,109.00000000000001,0.08924485125858124
214.0,78.0,108.0,0.09839816933638444
214.0,79.0,107.0,0.12356979405034325
214.0,80.0,106.0,0.12356979405034325
214.0,81.0,105.0,0.11441647597254005
214.0,82.0,104.0,0.11899313501144165
214.0,83.0,103.0,0.11670480549199085
214.0,84.0,102.0,0.11670480549199085
214.0,85.0,101.0,0.11670480549199085
214.0,86.0,100.0,0.15789473684210525
214.0,87.0,99.0,0.13043478260869565
214.0,88.0,98.0,0.13501144164759726
214.0,89.0,97.0,0.13958810068649885
214.0,90.0,96.0,0.13958810068649885
214.0,91.0,95.0,0.12814645308924486
214.0,92.0,94.0,0.14187643020594964
214.0,93.0,93.0,0.15789473684210525
214.0,94.0,92.0,0.13043478260869565
214.0,95.0,91.0,0.13958810068649885
214.0,96.0,90.0,0.11441647597254005
214.0,97.0,89.0,0.12128146453089245
214.0,98.0,88.0,0.12356979405034325
214.0,99.0,87.0,0.12585812356979406
214.0,100.0,86.0,0.12128146453089245
214.0,101.0,85.0,0.11670480549199085
214.0,102.0,84.0,0.10526315789473684
214.0,103.0,83.0,0.08466819221967964
214.0,104.0,82.0,0.07322654462242563
214.0,105.0,81.0,0.057208237986270026
214.0,106.0,80.0,0.02745995423340961
214.0,107.0,79.0,0.05034324942791762
214.0,108.0,78.0,0.05491990846681922
214.0,109.00000000000001,77.0,0.07093821510297482
214.0,110.00000000000001,76.0,0.036613272311212815
214.0,111.00000000000001,75.0,0.036613272311212815
214.0,112.00000000000001,74.0,0.032036613272311214
214.0,112.99999999999999,73.0,0.034324942791762014
214.0,113.99999999999999,72.0,0.029748283752860413
214.0,114.99999999999999,71.0,0.02745995423340961
214.0,115.99999999999999,70.0,0.011441647597254004
214.0,117.0,69.0,0.011441647597254004
214.0,118.0,68.0,0.018306636155606407
214.0,119.0,67.0,0.013729977116704805
214.0,120.0,66.0,0.006864988558352402
214.0,121.0,65.0,0.004576659038901602
214.0,122.0,64.0,0.004576659038901602
214.0,123.0,63.0,0.002288329519450801
214.0,124.0,62.0,0.002288329519450801
214.0,125.0,61.0,0.002288329519450801
214.0,126.0,60.0,0.002288329519450801
215.0,52.0,133.0,0.004576659038901602
215.0,53.0,132.0,0.006864988558352402
215.0,54.0,131.0,0.004576659038901602
215.0,57.99999999999999,127.0,0.002288329519450801
215.0,59.0,126.0,0.002288329519450801
215.0,60.0,125.0,0.011441647597254004
215.0,61.0,124.0,0.011441647597254004
215.0,62.0,123.0,0.011441647597254004
215.0,63.0,122.0,0.02745995423340961
215.0,64.0,121.0,0.034324942791762014
215.0,65.0,120.0,0.02745995423340961
215.0,66.0,119.0,0.032036613272311214
215.0,67.0,118.0,0.036613272311212815
215.0,68.0,117.0,0.038901601830663615
215.0,69.0,115.99999999999999,0.06178489702517163
215.0,70.0,114.99999999999999,0.059496567505720827
215.0,71.0,113.99999999999999,0.06636155606407322
215.0,72.0,112.99999999999999,0.07551487414187644
215.0,73.0,112.00000000000001,0.08466819221967964
215.0,74.0,111.00000000000001,0.11441647597254005
215.0,75.0,110.00000000000001,0.09839816933638444
215.0,76.0,109.00000000000001,0.11899313501144165
215.0,77.0,108.0,0.15560640732265446
215.0,78.0,107.0,0.13729977116704806
215.0,79.0,106.0,0.18077803203661327
215.0,80.0,105.0,0.18306636155606407
215.0,81.0,104.0,0.18077803203661327
215.0,82.0,103.0,0.19908466819221968
215.0,83.0,102.0,0.20137299771167047
215.0,84.0,101.0,0.21967963386727687
215.0,85.0,100.0,0.2311212814645309
215.0,86.0,99.0,0.2379862700228833
215.0,87.0,98.0,0.28604118993135014
215.0,88.0,97.0,0.2631578947368421
215.0,89.0,96.0,0.2402745995423341
215.0,90.0,95.0,0.2425629290617849
215.0,91.0,94.0,0.2448512585812357
215.0,92.0,93.0,0.2608695652173913
215.0,93.0,92.0,0.2562929061784897
215.0,94.0,91.0,0.2425629290617849
215.0,95.0,90.0,0.23569794050343248
215.0,96.0,89.0,0.18077803203661327
215.0,97.0,88.0,0.1853546910755149
215.0,98.0,87.0,0.18993135011441648
215.0,99.0,86.0,0.1945080091533181
215.0,100.0,85.0,0.1853546910755149
215.0,101.0,84.0,0.17620137299771166
215.0,102.0,83.0,0.14874141876430205
215.0,103.0,82.0,0.14645308924485126
215.0,104.0,81.0,0.12356979405034325
215.0,105.0,80.0,0.10983981693363844
215.0,106.0,79.0,0.09610983981693363
215.0,107.0,78.0,0.10526315789473684
215.0,108.0,77.0,0.08695652173913043
215.0,109.00000000000001,76.0,0.07780320366132723
215.0,110.00000000000001,75.0,0.057208237986270026
215.0,111.00000000000001,74.0,0.05034324942791762
215.0,112.00000000000001,73.0,0.038901601830663615
215.0,112.99999999999999,72.0,0.04576659038901602
215.0,113.99999999999999,71.0,0.036613272311212815
215.0,114.99999999999999,70.0,0.032036613272311214
215.0,115.99999999999999,69.0,0.038901601830663615
215.0,117.0,68.0,0.02517162471395881
215.0,118.0,67.0,0.011441647597254004
215.0,119.0,66.0,0.013729977116704805
215.0,120.0,65.0,0.004576659038901602
215.0,121.0,64.0,0.004576659038901602
215.0,122.0,63.0,0.002288329519450801
215.0,123.0,62.0,0.004576659038901602
215.0,124.0,61.0,0.002288329519450801
215.0,128.0,56.99999999999999,0.002288329519450801
216.0,52.0,132.0,0.004576659038901602
216.0,53.0,131.0,0.006864988558352402
216.0,54.0,130.0,0.004576659038901602
216.0,55.00000000000001,129.0,0.002288329519450801
216.0,56.99999999999999,127.0,0.002288329519450801
216.0,59.0,125.0,0.013729977116704805
216.0,60.0,124.0,0.016018306636155607
216.0,61.0,123.0,0.002288329519450801
216.0,62.0,122.0,0.02288329519450801
216.0,63.0,121.0,0.036613272311212815
216.0,64.0,120.0,0.038901601830663615
216.0,65.0,119.0,0.04805491990846682
216.0,66.0,118.0,0.043478260869565216
216.0,67.0,117.0,0.059496567505720827
216.0,68.0,115.99999999999999,0.07551487414187644
216.0,69.0,114.99999999999999,0.06407322654462243
216.0,70.0,113.99999999999999,0.08237986270022883
216.0,71.0,112.99999999999999,0.12356979405034325
216.0,72.0,112.00000000000001,0.13729977116704806
216.0,73.0,111.00000000000001,0.15102974828375287
216.0,74.0,110.00000000000001,0.1853546910755149
216.0,75.0,109.00000000000001,0.18993135011441648
216.0,76.0,108.0,0.2242562929061785
216.0,77.0,107.0,0.2540045766590389
216.0,78.0,106.0,0.2562929061784897
216.0,79.0,105.0,0.2723112128146453
216.0,80.0,104.0,0.2951945080091533
216.0,81.0,103.0,0.32036613272311215
216.0,82.0,102.0,0.3180778032036613
216.0,83.0,101.0,0.34553775743707094
216.0,84.0,100.0,0.3684210526315789
216.0,85.0,99.0,0.35697940503432496
216.0,86.0,98.0,0.4233409610983982
216.0,87.0,97.0,0.4439359267734554
216.0,88.0,96.0,0.4096109839816934
216.0,89.0,95.0,0.4096109839816934
216.0,90.0,94.0,0.4096109839816934
216.0,91.0,93.0,0.38443935926773454
216.0,92.0,92.0,0.34096109839816935
216.0,93.0,91.0,0.3707093821510298
216.0,94.0,90.0,0.37986270022883295
216.0,95.0,89.0,0.3135011441647597
216.0,96.0,88.0,0.33638443935926776
216.0,97.0,87.0,0.34096109839816935
216.0,98.0,86.0,0.2974828375286041
216.0,99.0,85.0,0.2585812356979405
216.0,100.0,84.0,0.2654462242562929
216.0,101.0,83.0,0.2700228832951945
216.0,102.0,82.0,0.2425629290617849
216.0,103.0,81.0,0.23569794050343248
216.0,104.0,80.0,0.2242562929061785
216.0,105.0,79.0,0.21739130434782608
216.0,106.0,78.0,0.1853546910755149
216.0,107.0,77.0,0.16247139588100687
216.0,108.0,76.0,0.11441647597254005
216.0,109.00000000000001,75.0,0.10755148741418764
216.0,110.00000000000001,74.0,0.08924485125858124
216.0,111.00000000000001,73.0,0.09382151029748284
216.0,112.00000000000001,72.0,0.059496567505720827
216.0,112.99999999999999,71.0,0.04805491990846682
216.0,113.99999999999999,70.0,0.05263157894736842
216.0,114.99999999999999,69.0,0.05034324942791762
216.0,115.99999999999999,68.0,0.038901601830663615
216.0,117.0,67.0,0.018306636155606407
216.0,118.0,66.0,0.013729977116704805
216.0,119.0,65.0,0.009153318077803204
216.0,120.0,64.0,0.009153318077803204
216.0,121.0,63.0,0.004576659038901602
216.0,122.0,62.0,0.002288329519450801
216.0,123.0,61.0,0.002288329519450801
216.0,124.0,60.0,0.002288329519450801
216.0,127.0,56.99999999999999,0.002288329519450801
216.0,128.0,56.00000000000001,0.002288329519450801
217.0,52.0,131.0,0.009153318077803204
217.0,53.0,130.0,0.004576659038901602
217.0,54.0,129.0,0.002288329519450801
217.0,55.00000000000001,128.0,0.006864988558352402
217.0,56.00000000000001,127.0,0.002288329519450801
217.0,56.99999999999999,126.0,0.006864988558352402
217.0,57.99999999999999,125.0,0.009153318077803204
217.0,59.0,124.0,0.020594965675057208
217.0,60.0,123.0,0.011441647597254004
217.0,61.0,122.0,0.020594965675057208
217.0,62.0,121.0,0.036613272311212815
217.0,63.0,120.0,0.04576659038901602
217.0,64.0,119.0,0.041189931350114416
217.0,65.0,118.0,0.07322654462242563
217.0,66.0,117.0,0.09839816933638444
217.0,67.0,115.99999999999999,0.11670480549199085
217.0,68.0,114.99999999999999,0.13043478260869565
217.0,69.0,113.99999999999999,0.12356979405034325
217.0,70.0,112.99999999999999,0.16704805491990846
217.0,71.0,112.00000000000001,0.2151029748283753
217.0,72.0,111.00000000000001,0.21967963386727687
217.0,73.0,110.00000000000001,0.2448512585812357
217.0,74.0,109.00000000000001,0.2791762013729977
217.0,75.0,108.0,0.34324942791762014
217.0,76.0,107.0,0.36613272311212813
217.0,77.0,106.0,0.37299771167048057
217.0,78.0,105.0,0.38443935926773454
217.0,79.0,104.0,0.41876430205949655
217.0,80.0,103.0,0.4302059496567506
217.0,81.0,102.0,0.4668192219679634
217.0,82.0,101.0,0.4668192219679634
217.0,83.0,100.0,0.517162471395881
217.0,84.0,99.0,0.5240274599542334
217.0,85.0,98.0,0.5423340961098398
217.0,86.0,97.0,0.5194508009153318
217.0,87.0,96.0,0.528604118993135
217.0,88.0,95.0,0.540045766590389
217.0,89.0,94.0,0.5469107551487414
217.0,90.0,93.0,0.528604118993135
217.0,91.0,92.0,0.5034324942791762
217.0,92.0,91.0,0.4645308924485126
217.0,93.0,90.0,0.5080091533180778
217.0,94.0,89.0,0.4622425629290618
217.0,95.0,88.0,0.5354691075514875
217.0,96.0,87.0,0.5148741418764302
217.0,97.0,86.0,0.43249427917620137
217.0,98.0,85.0,0.38672768878718533
217.0,99.0,84.0,0.3524027459954233
217.0,100.0,83.0,0.3684210526315789
217.0,101.0,82.0,0.4096109839816934
217.0,102.0,81.0,0.39816933638443935
217.0,103.0,80.0,0.30892448512585813
217.0,104.0,79.0,0.2997711670480549
217.0,105.0,78.0,0.2425629290617849
217.0,106.0,77.0,0.21052631578947367
217.0,107.0,76.0,0.2128146453089245
217.0,108.0,75.0,0.18764302059496568
217.0,109.00000000000001,74.0,0.15560640732265446
217.0,110.00000000000001,73.0,0.12585812356979406
217.0,111.00000000000001,72.0,0.13043478260869565
217.0,112.00000000000001,71.0,0.07780320366132723
217.0,112.99999999999999,70.0,0.06407322654462243
217.0,113.99999999999999,69.0,0.04805491990846682
217.0,114.99999999999999,68.0,0.04576659038901602
217.0,115.99999999999999,67.0,0.038901601830663615
217.0,117.0,66.0,0.038901601830663615
217.0,118.0,65.0,0.016018306636155607
217.0,119.0,64.0,0.011441647597254004
217.0,120.0,63.0,0.016018306636155607
217.0,121.0,62.0,0.016018306636155607
217.0,122.0,61.0,0.002288329519450801
217.0,123.0,60.0,0.002288329519450801
217.0,124.0,59.0,0.004576659038901602
217.0,125.0,57.99999999999999,0.002288329519450801
217.0,126.0,56.99999999999999,0.004576659038901602
217.0,131.0,52.0,0.002288329519450801
218.00000000000003,51.0,131.0,0.006864988558352402
218.00000000000003,52.0,130.0,0.009153318077803204
218.00000000000003,54.0,128.0,0.004576659038901602
218.00000000000003,55.00000000000001,127.0,0.011441647597254004
218.00000000000003,56.00000000000001,126.0,0.016018306636155607
218.00000000000003,56.99999999999999,125.0,0.018306636155606407
218.00000000000003,57.99999999999999,124.0,0.018306636155606407
218.00000000000003,59.0,123.0,0.02288329519450801
218.00000000000003,60.0,122.0,0.029748283752860413
218.00000000000003,61.0,121.0,0.036613272311212815
218.00000000000003,62.0,120.0,0.05491990846681922
218.00000000000003,63.0,119.0,0.057208237986270026
218.00000000000003,64.0,118.0,0.08237986270022883
218.00000000000003,65.0,117.0,0.12814645308924486
218.00000000000003,66.0,115.99999999999999,0.15560640732265446
218.00000000000003,67.0,114.99999999999999,0.16018306636155608
218.00000000000003,68.0,113.99999999999999,0.1853546910755149
218.00000000000003,69.0,112.99999999999999,0.20137299771167047
218.00000000000003,70.0,112.00000000000001,0.28832951945080093
218.00000000000003,71.0,111.00000000000001,0.28832951945080093
218.00000000000003,72.0,110.00000000000001,0.3112128146453089
218.00000000000003,73.0,109.00000000000001,0.3180778032036613
218.00000000000003,74.0,108.0,0.40045766590389015
218.00000000000003,75.0,107.0,0.41418764302059496
218.00000000000003,76.0,106.0,0.43935926773455375
218.00000000000003,77.0,105.0,0.4645308924485126
218.00000000000003,78.0,104.0,0.5263157894736842
218.00000000000003,79.0,103.0,0.551487414187643
218.00000000000003,80.0,102.0,0.6224256292906178
218.00000000000003,81.0,101.0,0.6590389016018307
218.00000000000003,82.0,100.0,0.6407322654462243
218.00000000000003,83.0,99.0,0.665903890160183
218.00000000000003,84.0,98.0,0.7299771167048055
218.00000000000003,85.0,97.0,0.6750572082379863
218.00000000000003,86.0,96.0,0.700228832951945
218.00000000000003,87.0,95.0,0.6979405034324943
218.00000000000003,88.0,94.0,0.6773455377574371
218.00000000000003,89.0,93.0,0.7025171624713958
218.00000000000003,90.0,92.0,0.6864988558352403
218.00000000000003,91.0,91.0,0.7231121281464531
218.00000000000003,92.0,90.0,0.6704805491990846
218.00000000000003,93.0,89.0,0.6407322654462243
218.00000000000003,94.0,88.0,0.631578947368421
218.00000000000003,95.0,87.0,0.6636155606407322
218.00000000000003,96.0,86.0,0.5881006864988558
218.00000000000003,97.0,85.0,0.5949656750572082
218.00000000000003,98.0,84.0,0.5560640732265446
218.00000000000003,99.0,83.0,0.4576659038901602
218.00000000000003,100.0,82.0,0.4919908466819222
218.00000000000003,101.0,81.0,0.4462242562929062
218.00000000000003,102.0,80.0,0.40274599542334094
218.00000000000003,103.0,79.0,0.35697940503432496
218.00000000000003,104.0,78.0,0.3135011441647597
218.00000000000003,105.0,77.0,0.2700228832951945
218.00000000000003,106.0,76.0,0.2768878718535469
218.00000000000003,107.0,75.0,0.2334096109839817
218.00000000000003,108.0,74.0,0.2334096109839817
218.00000000000003,109.00000000000001,73.0,0.14645308924485126
218.00000000000003,110.00000000000001,72.0,0.13501144164759726
218.00000000000003,111.00000000000001,71.0,0.13729977116704806
218.00000000000003,112.00000000000001,70.0,0.08695652173913043
218.00000000000003,112.99999999999999,69.0,0.08237986270022883
218.00000000000003,113.99999999999999,68.0,0.06636155606407322
218.00000000000003,114.99999999999999,67.0,0.06636155606407322
218.00000000000003,115.99999999999999,66.0,0.05034324942791762
218.00000000000003,117.0,65.0,0.038901601830663615
218.00000000000003,118.0,64.0,0.020594965675057208
218.00000000000003,119.0,63.0,0.018306636155606407
218.00000000000003,120.0,62.0,0.02288329519450801
218.00000000000003,121.0,61.0,0.004576659038901602
218.00000000000003,122.0,60.0,0.006864988558352402
218.00000000000003,123.0,59.0,0.009153318077803204
218.00000000000003,124.0,57.99999999999999,0.009153318077803204
218.00000000000003,125.0,56.99999999999999,0.004576659038901602
218.00000000000003,126.0,56.00000000000001,0.004576659038901602
218.00000000000003,131.0,51.0,0.002288329519450801
219.0,49.0,132.0,0.002288329519450801
219.0,51.0,130.0,0.002288329519450801
219.0,53.0,128.0,0.004576659038901602
219.0,54.0,127.0,0.006864988558352402
219.0,55.00000000000001,126.0,0.016018306636155607
219.0,56.00000000000001,125.0,0.020594965675057208
219.0,56.99999999999999,124.0,0.02745995423340961
219.0,57.99999999999999,123.0,0.032036613272311214
219.0,59.0,122.0,0.043478260869565216
219.0,60.0,121.0,0.038901601830663615
219.0,61.0,120.0,0.059496567505720827
219.0,62.0,119.0,0.05491990846681922
219.0,63.0,118.0,0.08237986270022883
219.0,64.0,117.0,0.09153318077803203
219.0,65.0,115.99999999999999,0.13272311212814644
219.0,66.0,114.99999999999999,0.15560640732265446
219.0,67.0,113.99999999999999,0.18764302059496568
219.0,68.0,112.99999999999999,0.22654462242562928
219.0,69.0,112.00000000000001,0.2494279176201373
219.0,70.0,111.00000000000001,0.30205949656750575
219.0,71.0,110.00000000000001,0.3157894736842105
219.0,72.0,109.00000000000001,0.38672768878718533
219.0,73.0,108.0,0.4439359267734554
219.0,74.0,107.0,0.4416475972540046
219.0,75.0,106.0,0.4759725400457666
219.0,76.0,105.0,0.528604118993135
219.0,77.0,104.0,0.5423340961098398
219.0,78.0,103.0,0.6041189931350115
219.0,79.0,102.0,0.7093821510297483
219.0,80.0,101.0,0.7894736842105263
219.0,81.0,100.0,0.7048054919908466
219.0,82.0,99.0,0.6979405034324943
219.0,83.0,98.0,0.7963386727688787
219.0,84.0,97.0,0.8375286041189931
219.0,85.0,96.0,0.8032036613272311
219.0,86.0,95.0,0.8352402745995423
219.0,87.0,94.0,0.7894736842105263
219.0,88.0,93.0,0.7894736842105263
219.0,89.0,92.0,0.8649885583524027
219.0,90.0,91.0,0.8398169336384439
219.0,91.0,90.0,0.8032036613272311
219.0,92.0,89.0,0.7894736842105263
219.0,93.0,88.0,0.7894736842105263
219.0,94.0,87.0,0.7894736842105263
219.0,95.0,86.0,0.7414187643020596
219.0,96.0,85.0,0.7414187643020596
219.0,97.0,84.0,0.7276887871853547
219.0,98.0,83.0,0.6018306636155606
219.0,99.0,82.0,0.551487414187643
219.0,100.0,81.0,0.5789473684210527
219.0,101.0,80.0,0.4462242562929062
219.0,102.0,79.0,0.425629290617849
219.0,103.0,78.0,0.36613272311212813
219.0,104.0,77.0,0.34553775743707094
219.0,105.0,76.0,0.32723112128146453
219.0,106.0,75.0,0.2768878718535469
219.0,107.0,74.0,0.2745995423340961
219.0,108.0,73.0,0.2242562929061785
219.0,109.00000000000001,72.0,0.13729977116704806
219.0,110.00000000000001,71.0,0.14645308924485126
219.0,111.00000000000001,70.0,0.14187643020594964
219.0,112.00000000000001,69.0,0.09382151029748284
219.0,112.99999999999999,68.0,0.12128146453089245
219.0,113.99999999999999,67.0,0.07551487414187644
219.0,114.99999999999999,66.0,0.08237986270022883
219.0,115.99999999999999,65.0,0.05263157894736842
219.0,117.0,64.0,0.041189931350114416
219.0,118.0,63.0,0.036613272311212815
219.0,119.0,62.0,0.032036613272311214
219.0,120.0,61.0,0.018306636155606407
219.0,121.0,60.0,0.011441647597254004
219.0,122.0,59.0,0.013729977116704805
219.0,123.0,57.99999999999999,0.006864988558352402
219.0,124.0,56.99999999999999,0.002288329519450801
219.0,125.0,56.00000000000001,0.002288329519450801
219.0,126.0,55.00000000000001,0.002288329519450801
220.00000000000003,48.0,132.0,0.002288329519450801
220.00000000000003,49.0,131.0,0.006864988558352402
220.00000000000003,50.0,130.0,0.002288329519450801
220.00000000000003,51.0,129.0,0.004576659038901602
220.00000000000003,52.0,128.0,0.013729977116704805
220.00000000000003,53.0,127.0,0.009153318077803204
220.00000000000003,54.0,126.0,0.009153318077803204
220.00000000000003,55.00000000000001,125.0,0.016018306636155607
220.00000000000003,56.00000000000001,124.0,0.02745995423340961
220.00000000000003,56.99999999999999,123.0,0.02517162471395881
220.00000000000003,57.99999999999999,122.0,0.034324942791762014
220.00000000000003,59.0,121.0,0.04576659038901602
220.00000000000003,60.0,120.0,0.05491990846681922
220.00000000000003,61.0,119.0,0.06178489702517163
220.00000000000003,62.0,118.0,0.09382151029748284
220.00000000000003,63.0,117.0,0.10068649885583524
220.00000000000003,64.0,115.99999999999999,0.11670480549199085
220.00000000000003,65.0,114.99999999999999,0.13958810068649885
220.00000000000003,66.0,113.99999999999999,0.17848970251716248
220.00000000000003,67.0,112.99999999999999,0.2128146453089245
220.00000000000003,68.0,112.00000000000001,0.22654462242562928
220.00000000000003,69.0,111.00000000000001,0.2608695652173913
220.00000000000003,70.0,110.00000000000001,0.33638443935926776
220.00000000000003,71.0,109.00000000000001,0.4096109839816934
220.00000000000003,72.0,108.0,0.47139588100686497
220.00000000000003,73.0,107.0,0.4988558352402746
220.00000000000003,74.0,106.0,0.5308924485125858
220.00000000000003,75.0,105.0,0.5331807780320366
220.00000000000003,76.0,104.0,0.5881006864988558
220.00000000000003,77.0,103.0,0.6453089244851259
220.00000000000003,78.0,102.0,0.7139588100686499
220.00000000000003,79.0,101.0,0.7917620137299771
220.00000000000003,80.0,100.0,0.7894736842105263
220.00000000000003,81.0,99.0,0.7505720823798627
220.00000000000003,82.0,98.0,0.8375286041189931
220.00000000000003,83.0,97.0,0.8993135011441648
220.00000000000003,84.0,96.0,0.8947368421052632
220.00000000000003,85.0,95.0,0.8741418764302059
220.00000000000003,86.0,94.0,0.8466819221967964
220.00000000000003,87.0,93.0,0.8421052631578947
220.00000000000003,88.0,92.0,0.9359267734553776
220.00000000000003,89.0,91.0,0.9862700228832952
220.00000000000003,90.0,90.0,0.9221967963386728
220.00000000000003,91.0,89.0,0.897025171624714
220.00000000000003,92.0,88.0,0.8878718535469108
220.00000000000003,93.0,87.0,0.9084668192219679
220.00000000000003,94.0,86.0,0.8398169336384439
220.00000000000003,95.0,85.0,0.7871853546910755
220.00000000000003,96.0,84.0,0.7963386727688787
220.00000000000003,97.0,83.0,0.7322654462242563
220.00000000000003,98.0,82.0,0.6407322654462243
220.00000000000003,99.0,81.0,0.585812356979405
220.00000000000003,100.0,80.0,0.5423340961098398
220.00000000000003,101.0,79.0,0.482837528604119
220.00000000000003,102.0,78.0,0.459954233409611
220.00000000000003,103.0,77.0,0.4462242562929062
220.00000000000003,104.0,76.0,0.41189931350114417
220.00000000000003,105.0,75.0,0.34324942791762014
220.00000000000003,106.0,74.0,0.2929061784897025
220.00000000000003,107.0,73.0,0.26773455377574373
220.00000000000003,108.0,72.0,0.2402745995423341
220.00000000000003,109.00000000000001,71.0,0.1853546910755149
220.00000000000003,110.00000000000001,70.0,0.19221967963386727
220.00000000000003,111.00000000000001,69.0,0.13958810068649885
220.00000000000003,112.00000000000001,68.0,0.13043478260869565
220.00000000000003,112.99999999999999,67.0,0.09382151029748284
220.00000000000003,113.99999999999999,66.0,0.07322654462242563
220.00000000000003,114.99999999999999,65.0,0.07780320366132723
220.00000000000003,115.99999999999999,64.0,0.05263157894736842
220.00000000000003,117.0,63.0,0.06407322654462243
220.00000000000003,118.0,62.0,0.038901601830663615
220.00000000000003,119.0,61.0,0.034324942791762014
220.00000000000003,120.0,60.0,0.02517162471395881
220.00000000000003,121.0,59.0,0.016018306636155607
220.00000000000003,122.0,57.99999999999999,0.004576659038901602
220.00000000000003,123.0,56.99999999999999,0.002288329519450801
221.0,48.0,131.0,0.002288329519450801
221.0,49.0,130.0,0.004576659038901602
221.0,50.0,129.0,0.002288329519450801
221.0,51.0,128.0,0.009153318077803204
221.0,52.0,127.0,0.006864988558352402
221.0,54.0,125.0,0.009153318077803204
221.0,55.00000000000001,124.0,0.018306636155606407
221.0,56.00000000000001,123.0,0.032036613272311214
221.0,56.99999999999999,122.0,0.02517162471395881
221.0,57.99999999999999,121.0,0.04805491990846682
221.0,59.0,120.0,0.059496567505720827
221.0,60.0,119.0,0.05263157894736842
221.0,61.0,118.0,0.09839816933638444
221.0,62.0,117.0,0.11441647597254005
221.0,63.0,115.99999999999999,0.11899313501144165
221.0,64.0,114.99999999999999,0.15102974828375287
221.0,65.0,113.99999999999999,0.19679633867276888
221.0,66.0,112.99999999999999,0.2151029748283753
221.0,67.0,112.00000000000001,0.2128146453089245
221.0,68.0,111.00000000000001,0.2700228832951945
221.0,69.0,110.00000000000001,0.36613272311212813
221.0,70.0,109.00000000000001,0.40274599542334094
221.0,71.0,108.0,0.40503432494279173
221.0,72.0,107.0,0.43478260869565216
221.0,73.0,106.0,0.4805491990846682
221.0,74.0,105.0,0.5263157894736842
221.0,75.0,104.0,0.551487414187643
221.0,76.0,103.0,0.6727688787185355
221.0,77.0,102.0,0.7185354691075515
221.0,78.0,101.0,0.7688787185354691
221.0,79.0,100.0,0.8466819221967964
221.0,80.0,99.0,0.8695652173913043
221.0,81.0,98.0,0.8009153318077803
221.0,82.0,97.0,0.9610983981693364
221.0,83.0,96.0,0.9405034324942791
221.0,84.0,95.0,0.9450800915331807
221.0,85.0,94.0,0.8901601830663616
221.0,86.0,93.0,0.8878718535469108
221.0,87.0,92.0,0.9565217391304348
221.0,88.0,91.0,0.965675057208238
221.0,89.0,90.0,1.0
221.0,90.0,89.0,0.9702517162471396
221.0,91.0,88.0,0.8947368421052632
221.0,92.0,87.0,0.8924485125858124
221.0,93.0,86.0,0.8604118993135011
221.0,94.0,85.0,0.7848970251716247
221.0,95.0,84.0,0.7322654462242563
221.0,96.0,83.0,0.7391304347826086
221.0,97.0,82.0,0.7208237986270023
221.0,98.0,81.0,0.6544622425629291
221.0,99.0,80.0,0.5720823798627003
221.0,100.0,79.0,0.528604118993135
221.0,101.0,78.0,0.5080091533180778
221.0,102.0,77.0,0.43935926773455375
221.0,103.0,76.0,0.482837528604119
221.0,104.0,75.0,0.4279176201372998
221.0,105.0,74.0,0.35469107551487417
221.0,106.0,73.0,0.2723112128146453
221.0,107.0,72.0,0.2585812356979405
221.0,108.0,71.0,0.2334096109839817
221.0,109.00000000000001,70.0,0.20137299771167047
221.0,110.00000000000001,69.0,0.14187643020594964
221.0,111.00000000000001,68.0,0.11670480549199085
221.0,112.00000000000001,67.0,0.10526315789473684
221.0,112.99999999999999,66.0,0.09610983981693363
221.0,113.99999999999999,65.0,0.08695652173913043
221.0,114.99999999999999,64.0,0.05034324942791762
221.0,115.99999999999999,63.0,0.05034324942791762
221.0,117.0,62.0,0.043478260869565216
221.0,118.0,61.0,0.020594965675057208
221.0,119.0,60.0,0.011441647597254004
221.0,120.0,59.0,0.011441647597254004
221.0,122.0,56.99999999999999,0.004576659038901602
221.0,123.0,56.00000000000001,0.002288329519450801
221.0,126.0,53.0,0.002288329519450801
222.00000000000003,49.0,129.0,0.002288329519450801
222.00000000000003,50.0,128.0,0.009153318077803204
222.00000000000003,51.0,127.0,0.002288329519450801
222.00000000000003,52.0,126.0,0.009153318077803204
222.00000000000003,53.0,125.0,0.020594965675057208
222.00000000000003,54.0,124.0,0.013729977116704805
222.00000000000003,55.00000000000001,123.0,0.02517162471395881
222.00000000000003,56.00000000000001,122.0,0.032036613272311214
222.00000000000003,56.99999999999999,121.0,0.032036613272311214
222.00000000000003,57.99999999999999,120.0,0.05034324942791762
222.00000000000003,59.0,119.0,0.059496567505720827
222.00000000000003,60.0,118.0,0.07093821510297482
222.00000000000003,61.0,117.0,0.10297482837528604
222.00000000000003,62.0,115.99999999999999,0.09153318077803203
222.00000000000003,63.0,114.99999999999999,0.12128146453089245
222.00000000000003,64.0,113.99999999999999,0.17620137299771166
222.00000000000003,65.0,112.99999999999999,0.21967963386727687
222.00000000000003,66.0,112.00000000000001,0.1945080091533181
222.00000000000003,67.0,111.00000000000001,0.21967963386727687
222.00000000000003,68.0,110.00000000000001,0.3157894736842105
222.00000000000003,69.0,109.00000000000001,0.35697940503432496
222.00000000000003,70.0,108.0,0.37528604118993136
222.00000000000003,71.0,107.0,0.36384439359267734
222.00000000000003,72.0,106.0,0.43707093821510296
222.00000000000003,73.0,105.0,0.5217391304347826
222.00000000000003,74.0,104.0,0.5491990846681922
222.00000000000003,75.0,103.0,0.6224256292906178
222.00000000000003,76.0,102.0,0.6590389016018307
222.00000000000003,77.0,101.0,0.6361556064073226
222.00000000000003,78.0,100.0,0.7162471395881007
222.00000000000003,79.0,99.0,0.7848970251716247
222.00000000000003,80.0,98.0,0.8192219679633868
222.00000000000003,81.0,97.0,0.7986270022883295
222.00000000000003,82.0,96.0,0.897025171624714
222.00000000000003,83.0,95.0,0.8421052631578947
222.00000000000003,84.0,94.0,0.8443935926773455
222.00000000000003,85.0,93.0,0.8993135011441648
222.00000000000003,86.0,92.0,0.9176201372997712
222.00000000000003,87.0,91.0,0.851258581235698
222.00000000000003,88.0,90.0,0.8832951945080092
222.00000000000003,89.0,89.0,0.9061784897025171
222.00000000000003,90.0,88.0,0.9084668192219679
222.00000000000003,91.0,87.0,0.8375286041189931
222.00000000000003,92.0,86.0,0.7917620137299771
222.00000000000003,93.0,85.0,0.7093821510297483
222.00000000000003,94.0,84.0,0.6819221967963387
222.00000000000003,95.0,83.0,0.6956521739130435
222.00000000000003,96.0,82.0,0.6521739130434783
222.00000000000003,97.0,81.0,0.6704805491990846
222.00000000000003,98.0,80.0,0.6521739130434783
222.00000000000003,99.0,79.0,0.5881006864988558
222.00000000000003,100.0,78.0,0.5423340961098398
222.00000000000003,101.0,77.0,0.41189931350114417
222.00000000000003,102.0,76.0,0.4416475972540046
222.00000000000003,103.0,75.0,0.4691075514874142
222.00000000000003,104.0,74.0,0.40274599542334094
222.00000000000003,105.0,73.0,0.26773455377574373
222.00000000000003,106.0,72.0,0.2471395881006865
222.00000000000003,107.0,71.0,0.2151029748283753
222.00000000000003,108.0,70.0,0.19221967963386727
222.00000000000003,109.00000000000001,69.0,0.14874141876430205
222.00000000000003,110.00000000000001,68.0,0.10755148741418764
222.00000000000003,111.00000000000001,67.0,0.09610983981693363
222.00000000000003,112.00000000000001,66.0,0.08924485125858124
222.00000000000003,112.99999999999999,65.0,0.09382151029748284
222.00000000000003,113.99999999999999,64.0,0.057208237986270026
222.00000000000003,114.99999999999999,63.0,0.038901601830663615
222.00000000000003,115.99999999999999,62.0,0.043478260869565216
222.00000000000003,117.0,61.0,0.02517162471395881
222.00000000000003,118.0,60.0,0.016018306636155607
222.00000000000003,119.0,59.0,0.016018306636155607
222.00000000000003,120.0,57.99999999999999,0.009153318077803204
222.00000000000003,121.0,56.99999999999999,0.009153318077803204
222.00000000000003,122.0,56.00000000000001,0.006864988558352402
222.00000000000003,124.0,54.0,0.002288329519450801
222.00000000000003,125.0,53.0,0.002288329519450801
222.00000000000003,126.0,52.0,0.002288329519450801
223.0,45.0,132.0,0.004576659038901602
223.0,49.0,128.0,0.009153318077803204
223.0,50.0,127.0,0.006864988558352402
223.0,51.0,126.0,0.004576659038901602
223.0,52.0,125.0,0.016018306636155607
223.0,53.0,124.0,0.016018306636155607
223.0,54.0,123.0,0.016018306636155607
223.0,55.00000000000001,122.0,0.02745995423340961
223.0,56.00000000000001,121.0,0.04805491990846682
223.0,56.99999999999999,120.0,0.043478260869565216
223.0,57.99999999999999,119.0,0.04576659038901602
223.0,59.0,118.0,0.05034324942791762
223.0,60.0,117.0,0.07322654462242563
223.0,61.0,115.99999999999999,0.06178489702517163
223.0,62.0,114.99999999999999,0.06864988558352403
223.0,63.0,113.99999999999999,0.13501144164759726
223.0,64.0,112.99999999999999,0.15102974828375287
223.0,65.0,112.00000000000001,0.1853546910755149
223.0,66.0,111.00000000000001,0.18764302059496568
223.0,67.0,110.00000000000001,0.2608695652173913
223.0,68.0,109.00000000000001,0.2723112128146453
223.0,69.0,108.0,0.2997711670480549
223.0,70.0,107.0,0.34324942791762014
223.0,71.0,106.0,0.37299771167048057
223.0,72.0,105.0,0.4919908466819222
223.0,73.0,104.0,0.505720823798627
223.0,74.0,103.0,0.5720823798627003
223.0,75.0,102.0,0.5881006864988558
223.0,76.0,101.0,0.5743707093821511
223.0,77.0,100.0,0.5926773455377574
223.0,78.0,99.0,0.6224256292906178
223.0,79.0,98.0,0.6590389016018307
223.0,80.0,97.0,0.6979405034324943
223.0,81.0,96.0,0.7528604118993135
223.0,82.0,95.0,0.7711670480549199
223.0,83.0,94.0,0.7116704805491991
223.0,84.0,93.0,0.7368421052631579
223.0,85.0,92.0,0.7688787185354691
223.0,86.0,91.0,0.7208237986270023
223.0,87.0,90.0,0.7254004576659039
223.0,88.0,89.0,0.7917620137299771
223.0,89.0,88.0,0.8009153318077803
223.0,90.0,87.0,0.7803203661327232
223.0,91.0,86.0,0.7414187643020596
223.0,92.0,85.0,0.6086956521739131
223.0,93.0,84.0,0.562929061784897
223.0,94.0,83.0,0.6453089244851259
223.0,95.0,82.0,0.6132723112128147
223.0,96.0,81.0,0.5835240274599542
223.0,97.0,80.0,0.5926773455377574
223.0,98.0,79.0,0.5194508009153318
223.0,99.0,78.0,0.5125858123569794
223.0,100.0,77.0,0.43707093821510296
223.0,101.0,76.0,0.3890160183066362
223.0,102.0,75.0,0.3684210526315789
223.0,103.0,74.0,0.38443935926773454
223.0,104.0,73.0,0.28832951945080093
223.0,105.0,72.0,0.23569794050343248
223.0,106.0,71.0,0.2471395881006865
223.0,107.0,70.0,0.1853546910755149
223.0,108.0,69.0,0.15789473684210525
223.0,109.00000000000001,68.0,0.14416475972540047
223.0,110.00000000000001,67.0,0.09839816933638444
223.0,111.00000000000001,66.0,0.08237986270022883
223.0,112.00000000000001,65.0,0.07780320366132723
223.0,112.99999999999999,64.0,0.07322654462242563
223.0,113.99999999999999,63.0,0.04805491990846682
223.0,114.99999999999999,62.0,0.034324942791762014
223.0,115.99999999999999,61.0,0.016018306636155607
223.0,117.0,60.0,0.009153318077803204
223.0,118.0,59.0,0.018306636155606407
223.0,119.0,57.99999999999999,0.006864988558352402
223.0,120.0,56.99999999999999,0.006864988558352402
223.0,121.0,56.00000000000001,0.004576659038901602
223.0,123.0,54.0,0.004576659038901602
223.0,124.0,53.0,0.002288329519450801
224.00000000000003,44.0,132.0,0.004576659038901602
224.00000000000003,45.0,131.0,0.004576659038901602
224.00000000000003,48.0,128.0,0.004576659038901602
224.00000000000003,49.0,127.0,0.004576659038901602
224.00000000000003,50.0,126.0,0.009153318077803204
224.00000000000003,51.0,125.0,0.004576659038901602
224.00000000000003,52.0,124.0,0.004576659038901602
224.00000000000003,53.0,123.0,0.013729977116704805
224.00000000000003,54.0,122.0,0.013729977116704805
224.00000000000003,55.00000000000001,121.0,0.02288329519450801
224.00000000000003,56.00000000000001,120.0,0.036613272311212815
224.00000000000003,56.99999999999999,119.0,0.020594965675057208
224.00000000000003,57.99999999999999,118.0,0.04576659038901602
224.00000000000003,59.0,117.0,0.06407322654462243
224.00000000000003,60.0,115.99999999999999,0.07551487414187644
224.00000000000003,61.0,114.99999999999999,0.06407322654462243
224.00000000000003,62.0,113.99999999999999,0.12128146453089245
224.00000000000003,63.0,112.99999999999999,0.12356979405034325
224.00000000000003,64.0,112.00000000000001,0.16704805491990846
224.00000000000003,65.0,111.00000000000001,0.15331807780320367
224.00000000000003,66.0,110.00000000000001,0.1945080091533181
224.00000000000003,67.0,109.00000000000001,0.19908466819221968
224.00000000000003,68.0,108.0,0.2128146453089245
224.00000000000003,69.0,107.0,0.30205949656750575
224.00000000000003,70.0,106.0,0.3157894736842105
224.00000000000003,71.0,105.0,0.37299771167048057
224.00000000000003,72.0,104.0,0.39588100686498856
224.00000000000003,73.0,103.0,0.4096109839816934
224.00000000000003,74.0,102.0,0.43707093821510296
224.00000000000003,75.0,101.0,0.4965675057208238
224.00000000000003,76.0,100.0,0.45308924485125857
224.00000000000003,77.0,99.0,0.4622425629290618
224.00000000000003,78.0,98.0,0.5331807780320366
224.00000000000003,79.0,97.0,0.5766590389016019
224.00000000000003,80.0,96.0,0.5697940503432495
224.00000000000003,81.0,95.0,0.6498855835240275
224.00000000000003,82.0,94.0,0.6064073226544623
224.00000000000003,83.0,93.0,0.562929061784897
224.00000000000003,84.0,92.0,0.5812356979405034
224.00000000000003,85.0,91.0,0.5743707093821511
224.00000000000003,86.0,90.0,0.6361556064073226
224.00000000000003,87.0,89.0,0.6132723112128147
224.00000000000003,88.0,88.0,0.631578947368421
224.00000000000003,89.0,87.0,0.6498855835240275
224.00000000000003,90.0,86.0,0.6178489702517163
224.00000000000003,91.0,85.0,0.5789473684210527
224.00000000000003,92.0,84.0,0.5011441647597255
224.00000000000003,93.0,83.0,0.5125858123569794
224.00000000000003,94.0,82.0,0.4919908466819222
224.00000000000003,95.0,81.0,0.4302059496567506
224.00000000000003,96.0,80.0,0.45080091533180777
224.00000000000003,97.0,79.0,0.43249427917620137
224.00000000000003,98.0,78.0,0.38215102974828374
224.00000000000003,99.0,77.0,0.37528604118993136
224.00000000000003,100.0,76.0,0.32494279176201374
224.00000000000003,101.0,75.0,0.28604118993135014
224.00000000000003,102.0,74.0,0.2951945080091533
224.00000000000003,103.0,73.0,0.2814645308924485
224.00000000000003,104.0,72.0,0.17848970251716248
224.00000000000003,105.0,71.0,0.18077803203661327
224.00000000000003,106.0,70.0,0.16933638443935928
224.00000000000003,107.0,69.0,0.14874141876430205
224.00000000000003,108.0,68.0,0.11899313501144165
224.00000000000003,109.00000000000001,67.0,0.11212814645308924
224.00000000000003,110.00000000000001,66.0,0.08009153318077804
224.00000000000003,111.00000000000001,65.0,0.06636155606407322
224.00000000000003,112.00000000000001,64.0,0.05034324942791762
224.00000000000003,112.99999999999999,63.0,0.05491990846681922
224.00000000000003,113.99999999999999,62.0,0.034324942791762014
224.00000000000003,114.99999999999999,61.0,0.02517162471395881
224.00000000000003,115.99999999999999,60.0,0.009153318077803204
224.00000000000003,117.0,59.0,0.006864988558352402
224.00000000000003,118.0,57.99999999999999,0.002288329519450801
224.00000000000003,119.0,56.99999999999999,0.006864988558352402
224.00000000000003,120.0,56.00000000000001,0.004576659038901602
224.00000000000003,121.0,55.00000000000001,0.002288329519450801
224.00000000000003,122.0,54.0,0.002288329519450801
224.00000000000003,123.0,53.0,0.002288329519450801
224.00000000000003,124.0,52.0,0.002288329519450801
224.00000000000003,125.0,51.0,0.002288329519450801
225.0,49.0,126.0,0.002288329519450801
225.0,50.0,125.0,0.002288329519450801
225.0,51.0,124.0,0.002288329519450801
225.0,52.0,123.0,0.002288329519450801
225.0,53.0,122.0,0.006864988558352402
225.0,54.0,121.0,0.006864988558352402
225.0,55.00000000000001,120.0,0.020594965675057208
225.0,56.00000000000001,119.0,0.016018306636155607
225.0,56.99999999999999,118.0,0.032036613272311214
225.0,57.99999999999999,117.0,0.05034324942791762
225.0,59.0,115.99999999999999,0.04805491990846682
225.0,60.0,114.99999999999999,0.059496567505720827
225.0,61.0,113.99999999999999,0.06178489702517163
225.0,62.0,112.99999999999999,0.07551487414187644
225.0,63.0,112.00000000000001,0.09153318077803203
225.0,64.0,111.00000000000001,0.11441647597254005
225.0,65.0,110.00000000000001,0.13501144164759726
225.0,66.0,109.00000000000001,0.15560640732265446
225.0,67.0,108.0,0.16018306636155608
225.0,68.0,107.0,0.20823798627002288
225.0,69.0,106.0,0.2471395881006865
225.0,70.0,105.0,0.2585812356979405
225.0,71.0,104.0,0.32036613272311215
225.0,72.0,103.0,0.33867276887871856
225.0,73.0,102.0,0.33867276887871856
225.0,74.0,101.0,0.34324942791762014
225.0,75.0,100.0,0.391304347826087
225.0,76.0,99.0,0.33867276887871856
225.0,77.0,98.0,0.37299771167048057
225.0,78.0,97.0,0.4439359267734554
225.0,79.0,96.0,0.4919908466819222
225.0,80.0,95.0,0.5377574370709383
225.0,81.0,94.0,0.5308924485125858
225.0,82.0,93.0,0.40503432494279173
225.0,83.0,92.0,0.41876430205949655
225.0,84.0,91.0,0.4096109839816934
225.0,85.0,90.0,0.5240274599542334
225.0,86.0,89.0,0.5217391304347826
225.0,87.0,88.0,0.4279176201372998
225.0,88.0,87.0,0.4622425629290618
225.0,89.0,86.0,0.4965675057208238
225.0,90.0,85.0,0.43935926773455375
225.0,91.0,84.0,0.3890160183066362
225.0,92.0,83.0,0.425629290617849
225.0,93.0,82.0,0.37986270022883295
225.0,94.0,81.0,0.32265446224256294
225.0,95.0,80.0,0.34553775743707094
225.0,96.0,79.0,0.37757437070938216
225.0,97.0,78.0,0.3135011441647597
225.0,98.0,77.0,0.2974828375286041
225.0,99.0,76.0,0.32036613272311215
225.0,100.0,75.0,0.2379862700228833
225.0,101.0,74.0,0.22654462242562928
225.0,102.0,73.0,0.20594965675057209
225.0,103.0,72.0,0.1945080091533181
225.0,104.0,71.0,0.17162471395881007
225.0,105.0,70.0,0.13729977116704806
225.0,106.0,69.0,0.12356979405034325
225.0,107.0,68.0,0.08009153318077804
225.0,108.0,67.0,0.09839816933638444
225.0,109.00000000000001,66.0,0.07780320366132723
225.0,110.00000000000001,65.0,0.06636155606407322
225.0,111.00000000000001,64.0,0.05263157894736842
225.0,112.00000000000001,63.0,0.04805491990846682
225.0,112.99999999999999,62.0,0.029748283752860413
225.0,113.99999999999999,61.0,0.013729977116704805
225.0,114.99999999999999,60.0,0.016018306636155607
225.0,115.99999999999999,59.0,0.011441647597254004
225.0,117.0,57.99999999999999,0.006864988558352402
225.0,118.0,56.99999999999999,0.009153318077803204
225.0,119.0,56.00000000000001,0.006864988558352402
225.0,120.0,55.00000000000001,0.004576659038901602
225.0,121.0,54.0,0.002288329519450801
225.0,122.0,53.0,0.002288329519450801
225.0,123.0,52.0,0.002288329519450801
225.0,124.0,51.0,0.002288329519450801
225.99999999999997,48.0,126.0,0.004576659038901602
225.99999999999997,49.0,125.0,0.004576659038901602
225.99999999999997,51.0,123.0,0.004576659038901602
225.99999999999997,52.0,122.0,0.002288329519450801
225.99999999999997,53.0,121.0,0.002288329519450801
225.99999999999997,54.0,120.0,0.002288329519450801
225.99999999999997,55.00000000000001,119.0,0.004576659038901602
225.99999999999997,56.00000000000001,118.0,0.009153318077803204
225.99999999999997,56.99999999999999,117.0,0.02288329519450801
225.99999999999997,57.99999999999999,115.99999999999999,0.029748283752860413
225.99999999999997,59.0,114.99999999999999,0.02288329519450801
225.99999999999997,60.0,113.99999999999999,0.02745995423340961
225.99999999999997,61.0,112.99999999999999,0.05263157894736842
225.99999999999997,62.0,112.00000000000001,0.057208237986270026
225.99999999999997,63.0,111.00000000000001,0.07093821510297482
225.99999999999997,64.0,110.00000000000001,0.07322654462242563
225.99999999999997,65.0,109.00000000000001,0.09839816933638444
225.99999999999997,66.0,108.0,0.11670480549199085
225.99999999999997,67.0,107.0,0.17391304347826086
225.99999999999997,68.0,106.0,0.16704805491990846
225.99999999999997,69.0,105.0,0.18764302059496568
225.99999999999997,70.0,104.0,0.2151029748283753
225.99999999999997,71.0,103.0,0.2128146453089245
225.99999999999997,72.0,102.0,0.2288329519450801
225.99999999999997,73.0,101.0,0.2242562929061785
225.99999999999997,74.0,100.0,0.2608695652173913
225.99999999999997,75.0,99.0,0.2654462242562929
225.99999999999997,76.0,98.0,0.2791762013729977
225.99999999999997,77.0,97.0,0.3340961098398169
225.99999999999997,78.0,96.0,0.3157894736842105
225.99999999999997,79.0,95.0,0.37757437070938216
225.99999999999997,80.0,94.0,0.35926773455377575
225.99999999999997,81.0,93.0,0.3295194508009153
225.99999999999997,82.0,92.0,0.3112128146453089
225.99999999999997,83.0,91.0,0.30434782608695654
225.99999999999997,84.0,90.0,0.32036613272311215
225.99999999999997,85.0,89.0,0.3501144164759725
225.99999999999997,86.0,88.0,0.30892448512585813
225.99999999999997,87.0,87.0,0.3318077803203661
225.99999999999997,88.0,86.0,0.3157894736842105
225.99999999999997,89.0,85.0,0.30205949656750575
225.99999999999997,90.0,84.0,0.2448512585812357
225.99999999999997,91.0,83.0,0.2654462242562929
225.99999999999997,92.0,82.0,0.30205949656750575
225.99999999999997,93.0,81.0,0.2929061784897025
225.99999999999997,94.0,80.0,0.2723112128146453
225.99999999999997,95.0,79.0,0.28832951945080093
225.99999999999997,96.0,78.0,0.2471395881006865
225.99999999999997,97.0,77.0,0.2036613272311213
225.99999999999997,98.0,76.0,0.2288329519450801
225.99999999999997,99.0,75.0,0.2036613272311213
225.99999999999997,100.0,74.0,0.16018306636155608
225.99999999999997,101.0,73.0,0.15789473684210525
225.99999999999997,102.0,72.0,0.14416475972540047
225.99999999999997,103.0,71.0,0.13043478260869565
225.99999999999997,104.0,70.0,0.10526315789473684
225.99999999999997,105.0,69.0,0.11212814645308924
225.99999999999997,106.0,68.0,0.08466819221967964
225.99999999999997,107.0,67.0,0.059496567505720827
225.99999999999997,108.0,66.0,0.08695652173913043
225.99999999999997,109.00000000000001,65.0,0.057208237986270026
225.99999999999997,110.00000000000001,64.0,0.04805491990846682
225.99999999999997,111.00000000000001,63.0,0.034324942791762014
225.99999999999997,112.00000000000001,62.0,0.029748283752860413
225.99999999999997,112.99999999999999,61.0,0.006864988558352402
225.99999999999997,113.99999999999999,60.0,0.011441647597254004
225.99999999999997,114.99999999999999,59.0,0.009153318077803204
225.99999999999997,115.99999999999999,57.99999999999999,0.009153318077803204
225.99999999999997,117.0,56.99999999999999,0.006864988558352402
225.99999999999997,118.0,56.00000000000001,0.004576659038901602
225.99999999999997,119.0,55.00000000000001,0.002288329519450801
225.99999999999997,122.0,52.0,0.002288329519450801
227.0,48.0,125.0,0.004576659038901602
227.0,50.0,123.0,0.004576659038901602
227.0,51.0,122.0,0.004576659038901602
227.0,53.0,120.0,0.002288329519450801
227.0,55.00000000000001,118.0,0.004576659038901602
227.0,56.00000000000001,117.0,0.006864988558352402
227.0,56.99999999999999,115.99999999999999,0.018306636155606407
227.0,57.99999999999999,114.99999999999999,0.020594965675057208
227.0,59.0,113.99999999999999,0.013729977116704805
227.0,60.0,112.99999999999999,0.034324942791762014
227.0,61.0,112.00000000000001,0.04576659038901602
227.0,62.0,111.00000000000001,0.057208237986270026
227.0,63.0,110.00000000000001,0.05491990846681922
227.0,64.0,109.00000000000001,0.04576659038901602
227.0,65.0,108.0,0.05491990846681922
227.0,66.0,107.0,0.10755148741418764
227.0,67.0,106.0,0.13729977116704806
227.0,68.0,105.0,0.12356979405034325
227.0,69.0,104.0,0.14645308924485126
227.0,70.0,103.0,0.14645308924485126
227.0,71.0,102.0,0.12128146453089245
227.0,72.0,101.0,0.14187643020594964
227.0,73.0,100.0,0.14645308924485126
227.0,74.0,99.0,0.18077803203661327
227.0,75.0,98.0,0.18077803203661327
227.0,76.0,97.0,0.20823798627002288
227.0,77.0,96.0,0.2219679633867277
227.0,78.0,95.0,0.21739130434782608
227.0,79.0,94.0,0.2311212814645309
227.0,80.0,93.0,0.2151029748283753
227.0,81.0,92.0,0.2425629290617849
227.0,82.0,91.0,0.2288329519450801
227.0,83.0,90.0,0.18993135011441648
227.0,84.0,89.0,0.21052631578947367
227.0,85.0,88.0,0.18993135011441648
227.0,86.0,87.0,0.21052631578947367
227.0,87.0,86.0,0.2425629290617849
227.0,88.0,85.0,0.2151029748283753
227.0,89.0,84.0,0.2128146453089245
227.0,90.0,83.0,0.21967963386727687
227.0,91.0,82.0,0.2242562929061785
227.0,92.0,81.0,0.21052631578947367
227.0,93.0,80.0,0.18993135011441648
227.0,94.0,79.0,0.18077803203661327
227.0,95.0,78.0,0.15102974828375287
227.0,96.0,77.0,0.14187643020594964
227.0,97.0,76.0,0.14416475972540047
227.0,98.0,75.0,0.15560640732265446
227.0,99.0,74.0,0.13958810068649885
227.0,100.0,73.0,0.12128146453089245
227.0,101.0,72.0,0.09839816933638444
227.0,102.0,71.0,0.08924485125858124
227.0,103.0,70.0,0.09153318077803203
227.0,104.0,69.0,0.09153318077803203
227.0,105.0,68.0,0.09382151029748284
227.0,106.0,67.0,0.04805491990846682
227.0,107.0,66.0,0.043478260869565216
227.0,108.0,65.0,0.032036613272311214
227.0,109.00000000000001,64.0,0.029748283752860413
227.0,110.00000000000001,63.0,0.02288329519450801
227.0,111.00000000000001,62.0,0.020594965675057208
227.0,112.00000000000001,61.0,0.018306636155606407
227.0,112.99999999999999,60.0,0.004576659038901602
227.0,113.99999999999999,59.0,0.009153318077803204
227.0,114.99999999999999,57.99999999999999,0.002288329519450801
227.0,115.99999999999999,56.99999999999999,0.004576659038901602
227.99999999999997,50.0,122.0,0.002288329519450801
227.99999999999997,52.0,120.0,0.004576659038901602
227.99999999999997,53.0,119.0,0.004576659038901602
227.99999999999997,54.0,118.0,0.002288329519450801
227.99999999999997,55.00000000000001,117.0,0.006864988558352402
227.99999999999997,56.00000000000001,115.99999999999999,0.006864988558352402
227.99999999999997,56.99999999999999,114.99999999999999,0.013729977116704805
227.99999999999997,57.99999999999999,113.99999999999999,0.011441647597254004
227.99999999999997,59.0,112.99999999999999,0.016018306636155607
227.99999999999997,60.0,112.00000000000001,0.034324942791762014
227.99999999999997,61.0,111.00000000000001,0.029748283752860413
227.99999999999997,62.0,110.00000000000001,0.036613272311212815
227.99999999999997,63.0,109.00000000000001,0.02745995423340961
227.99999999999997,64.0,108.0,0.04576659038901602
227.99999999999997,65.0,107.0,0.05034324942791762
227.99999999999997,66.0,106.0,0.06178489702517163
227.99999999999997,67.0,105.0,0.08009153318077804
227.99999999999997,68.0,104.0,0.08695652173913043
227.99999999999997,69.0,103.0,0.10526315789473684
227.99999999999997,70.0,102.0,0.09610983981693363
227.99999999999997,71.0,101.0,0.08466819221967964
227.99999999999997,72.0,100.0,0.08924485125858124
227.99999999999997,73.0,99.0,0.09382151029748284
227.99999999999997,74.0,98.0,0.11212814645308924
227.99999999999997,75.0,97.0,0.10068649885583524
227.99999999999997,76.0,96.0,0.10068649885583524
227.99999999999997,77.0,95.0,0.13272311212814644
227.99999999999997,78.0,94.0,0.14187643020594964
227.99999999999997,79.0,93.0,0.13958810068649885
227.99999999999997,80.0,92.0,0.12814645308924486
227.99999999999997,81.0,91.0,0.15789473684210525
227.99999999999997,82.0,90.0,0.14874141876430205
227.99999999999997,83.0,89.0,0.12814645308924486
227.99999999999997,84.0,88.0,0.14645308924485126
227.99999999999997,85.0,87.0,0.14187643020594964
227.99999999999997,86.0,86.0,0.15102974828375287
227.99999999999997,87.0,85.0,0.16933638443935928
227.99999999999997,88.0,84.0,0.12585812356979406
227.99999999999997,89.0,83.0,0.12585812356979406
227.99999999999997,90.0,82.0,0.16475972540045766
227.99999999999997,91.0,81.0,0.17391304347826086
227.99999999999997,92.0,80.0,0.11441647597254005
227.99999999999997,93.0,79.0,0.12814645308924486
227.99999999999997,94.0,78.0,0.09153318077803203
227.99999999999997,95.0,77.0,0.08924485125858124
227.99999999999997,96.0,76.0,0.10526315789473684
227.99999999999997,97.0,75.0,0.09153318077803203
227.99999999999997,98.0,74.0,0.09153318077803203
227.99999999999997,99.0,73.0,0.07780320366132723
227.99999999999997,100.0,72.0,0.07780320366132723
227.99999999999997,101.0,71.0,0.04805491990846682
227.99999999999997,102.0,70.0,0.06864988558352403
227.99999999999997,103.0,69.0,0.06178489702517163
227.99999999999997,104.0,68.0,0.05263157894736842
227.99999999999997,105.0,67.0,0.04576659038901602
227.99999999999997,106.0,66.0,0.032036613272311214
227.99999999999997,107.0,65.0,0.011441647597254004
227.99999999999997,108.0,64.0,0.018306636155606407
227.99999999999997,109.00000000000001,63.0,0.02517162471395881
227.99999999999997,110.00000000000001,62.0,0.020594965675057208
227.99999999999997,111.00000000000001,61.0,0.013729977116704805
227.99999999999997,112.00000000000001,60.0,0.006864988558352402
227.99999999999997,112.99999999999999,59.0,0.009153318077803204
227.99999999999997,113.99999999999999,57.99999999999999,0.011441647597254004
227.99999999999997,114.99999999999999,56.99999999999999,0.009153318077803204
227.99999999999997,117.0,55.00000000000001,0.002288329519450801
227.99999999999997,118.0,54.0,0.002288329519450801
227.99999999999997,121.0,51.0,0.002288329519450801
227.99999999999997,122.0,50.0,0.002288329519450801
229.0,52.0,119.0,0.004576659038901602
229.0,53.0,118.0,0.004576659038901602
229.0,54.0,117.0,0.006864988558352402
229.0,55.00000000000001,115.99999999999999,0.006864988558352402
229.0,56.00000000000001,114.99999999999999,0.004576659038901602
229.0,56.99999999999999,113.99999999999999,0.004576659038901602
229.0,57.99999999999999,112.99999999999999,0.002288329519450801
229.0,59.0,112.00000000000001,0.011441647597254004
229.0,60.0,111.00000000000001,0.02288329519450801
229.0,61.0,110.00000000000001,0.018306636155606407
229.0,62.0,109.00000000000001,0.02288329519450801
229.0,63.0,108.0,0.02517162471395881
229.0,64.0,107.0,0.032036613272311214
229.0,65.0,106.0,0.034324942791762014
229.0,66.0,105.0,0.02745995423340961
229.0,67.0,104.0,0.032036613272311214
229.0,68.0,103.0,0.041189931350114416
229.0,69.0,102.0,0.05034324942791762
229.0,70.0,101.0,0.06178489702517163
229.0,71.0,100.0,0.05034324942791762
229.0,72.0,99.0,0.06636155606407322
229.0,73.0,98.0,0.06407322654462243
229.0,74.0,97.0,0.06864988558352403
229.0,75.0,96.0,0.06864988558352403
229.0,76.0,95.0,0.08466819221967964
229.0,77.0,94.0,0.07322654462242563
229.0,78.0,93.0,0.07093821510297482
229.0,79.0,92.0,0.08466819221967964
229.0,80.0,91.0,0.09153318077803203
229.0,81.0,90.0,0.08695652173913043
229.0,82.0,89.0,0.09382151029748284
229.0,83.0,88.0,0.059496567505720827
229.0,84.0,87.0,0.09839816933638444
229.0,85.0,86.0,0.08466819221967964
229.0,86.0,85.0,0.08237986270022883
229.0,87.0,84.0,0.07551487414187644
229.0,88.0,83.0,0.05263157894736842
229.0,89.0,82.0,0.07780320366132723
229.0,90.0,81.0,0.08237986270022883
229.0,91.0,80.0,0.07780320366132723
229.0,92.0,79.0,0.08695652173913043
229.0,93.0,78.0,0.08009153318077804
229.0,94.0,77.0,0.06407322654462243
229.0,95.0,76.0,0.07322654462242563
229.0,96.0,75.0,0.07093821510297482
229.0,97.0,74.0,0.06636155606407322
229.0,98.0,73.0,0.059496567505720827
229.0,99.0,72.0,0.05491990846681922
229.0,100.0,71.0,0.038901601830663615
229.0,101.0,70.0,0.043478260869565216
229.0,102.0,69.0,0.041189931350114416
229.0,103.0,68.0,0.02288329519450801
229.0,104.0,67.0,0.013729977116704805
229.0,105.0,66.0,0.018306636155606407
229.0,106.0,65.0,0.009153318077803204
229.0,107.0,64.0,0.006864988558352402
229.0,108.0,63.0,0.016018306636155607
229.0,109.00000000000001,62.0,0.009153318077803204
229.0,110.00000000000001,61.0,0.009153318077803204
229.0,111.00000000000001,60.0,0.004576659038901602
229.0,112.00000000000001,59.0,0.009153318077803204
229.0,112.99999999999999,57.99999999999999,0.006864988558352402
229.0,113.99999999999999,56.99999999999999,0.009153318077803204
229.0,114.99999999999999,56.00000000000001,0.002288329519450801
229.0,117.0,54.0,0.002288329519450801
229.0,121.0,50.0,0.002288329519450801
229.99999999999997,45.0,125.0,0.002288329519450801
229.99999999999997,46.0,124.0,0.002288329519450801
229.99999999999997,52.0,118.0,0.002288329519450801
229.99999999999997,56.00000000000001,113.99999999999999,0.002288329519450801
229.99999999999997,56.99999999999999,112.99999999999999,0.004576659038901602
229.99999999999997,57.99999999999999,112.00000000000001,0.006864988558352402
229.99999999999997,59.0,111.00000000000001,0.009153318077803204
229.99999999999997,60.0,110.00000000000001,0.004576659038901602
229.99999999999997,61.0,109.00000000000001,0.016018306636155607
229.99999999999997,62.0,108.0,0.011441647597254004
229.99999999999997,63.0,107.0,0.011441647597254004
229.99999999999997,64.0,106.0,0.020594965675057208
229.99999999999997,65.0,105.0,0.020594965675057208
229.99999999999997,66.0,104.0,0.02517162471395881
229.99999999999997,67.0,103.0,0.02517162471395881
229.99999999999997,68.0,102.0,0.02288329519450801
229.99999999999997,69.0,101.0,0.02745995423340961
229.99999999999997,70.0,100.0,0.036613272311212815
229.99999999999997,71.0,99.0,0.038901601830663615
229.99999999999997,72.0,98.0,0.04805491990846682
229.99999999999997,73.0,97.0,0.032036613272311214
229.99999999999997,74.0,96.0,0.043478260869565216
229.99999999999997,75.0,95.0,0.059496567505720827
229.99999999999997,76.0,94.0,0.04805491990846682
229.99999999999997,77.0,93.0,0.038901601830663615
229.99999999999997,78.0,92.0,0.043478260869565216
229.99999999999997,79.0,91.0,0.04576659038901602
229.99999999999997,80.0,90.0,0.04576659038901602
229.99999999999997,81.0,89.0,0.036613272311212815
229.99999999999997,82.0,88.0,0.05491990846681922
229.99999999999997,83.0,87.0,0.032036613272311214
229.99999999999997,84.0,86.0,0.032036613272311214
229.99999999999997,85.0,85.0,0.038901601830663615
229.99999999999997,86.0,84.0,0.04805491990846682
229.99999999999997,87.0,83.0,0.043478260869565216
229.99999999999997,88.0,82.0,0.04805491990846682
229.99999999999997,89.0,81.0,0.032036613272311214
229.99999999999997,90.0,80.0,0.04576659038901602
229.99999999999997,91.0,79.0,0.05034324942791762
229.99999999999997,92.0,78.0,0.057208237986270026
229.99999999999997,93.0,77.0,0.029748283752860413
229.99999999999997,94.0,76.0,0.036613272311212815
229.99999999999997,95.0,75.0,0.036613272311212815
229.99999999999997,96.0,74.0,0.043478260869565216
229.99999999999997,97.0,73.0,0.05034324942791762
229.99999999999997,98.0,72.0,0.036613272311212815
229.99999999999997,99.0,71.0,0.013729977116704805
229.99999999999997,100.0,70.0,0.016018306636155607
229.99999999999997,101.0,69.0,0.016018306636155607
229.99999999999997,102.0,68.0,0.011441647597254004
229.99999999999997,103.0,67.0,0.009153318077803204
229.99999999999997,104.0,66.0,0.013729977116704805
229.99999999999997,105.0,65.0,0.016018306636155607
229.99999999999997,106.0,64.0,0.009153318077803204
229.99999999999997,107.0,63.0,0.009153318077803204
229.99999999999997,108.0,62.0,0.006864988558352402
229.99999999999997,109.00000000000001,61.0,0.004576659038901602
229.99999999999997,110.00000000000001,60.0,0.002288329519450801
229.99999999999997,111.00000000000001,59.0,0.006864988558352402
229.99999999999997,112.00000000000001,57.99999999999999,0.004576659038901602
229.99999999999997,112.99999999999999,56.99999999999999,0.002288329519450801
229.99999999999997,113.99999999999999,56.00000000000001,0.002288329519450801
231.0,45.0,124.0,0.002288329519450801
231.0,52.0,117.0,0.002288329519450801
231.0,53.0,115.99999999999999,0.004576659038901602
231.0,55.00000000000001,113.99999999999999,0.002288329519450801
231.0,56.00000000000001,112.99999999999999,0.004576659038901602
231.0,56.99999999999999,112.00000000000001,0.002288329519450801
231.0,57.99999999999999,111.00000000000001,0.002288329519450801
231.0,59.0,110.00000000000001,0.004576659038901602
231.0,60.0,109.00000000000001,0.006864988558352402
231.0,61.0,108.0,0.004576659038901602
231.0,62.0,107.0,0.002288329519450801
231.0,63.0,106.0,0.011441647597254004
231.0,64.0,105.0,0.009153318077803204
231.0,65.0,104.0,0.006864988558352402
231.0,66.0,103.0,0.016018306636155607
231.0,67.0,102.0,0.020594965675057208
231.0,68.0,101.0,0.011441647597254004
231.0,69.0,100.0,0.011441647597254004
231.0,70.0,99.0,0.020594965675057208
231.0,71.0,98.0,0.036613272311212815
231.0,72.0,97.0,0.02745995423340961
231.0,73.0,96.0,0.016018306636155607
231.0,74.0,95.0,0.02517162471395881
231.0,75.0,94.0,0.029748283752860413
231.0,76.0,93.0,0.020594965675057208
231.0,77.0,92.0,0.02288329519450801
231.0,78.0,91.0,0.018306636155606407
231.0,79.0,90.0,0.02517162471395881
231.0,80.0,89.0,0.020594965675057208
231.0,81.0,88.0,0.02517162471395881
231.0,82.0,87.0,0.032036613272311214
231.0,83.0,86.0,0.013729977116704805
231.0,84.0,85.0,0.02517162471395881
231.0,85.0,84.0,0.02517162471395881
231.0,86.0,83.0,0.02517162471395881
231.0,87.0,82.0,0.036613272311212815
231.0,88.0,81.0,0.020594965675057208
231.0,89.0,80.0,0.020594965675057208
231.0,90.0,79.0,0.02745995423340961
231.0,91.0,78.0,0.02288329519450801
231.0,92.0,77.0,0.018306636155606407
231.0,93.0,76.0,0.016018306636155607
231.0,94.0,75.0,0.018306636155606407
231.0,95.0,74.0,0.006864988558352402
231.0,96.0,73.0,0.011441647597254004
231.0,97.0,72.0,0.013729977116704805
231.0,98.0,71.0,0.013729977116704805
231.0,99.0,70.0,0.013729977116704805
231.0,100.0,69.0,0.006864988558352402
231.0,101.0,68.0,0.006864988558352402
231.0,102.0,67.0,0.004576659038901602
231.0,103.0,66.0,0.002288329519450801
231.0,104.0,65.0,0.011441647597254004
231.0,105.0,64.0,0.011441647597254004
231.0,106.0,63.0,0.002288329519450801
231.0,107.0,62.0,0.004576659038901602
231.0,110.00000000000001,59.0,0.002288329519450801
231.0,111.00000000000001,57.99999999999999,0.002288329519450801
231.99999999999997,52.0,115.99999999999999,0.004576659038901602
231.99999999999997,53.0,114.99999999999999,0.002288329519450801
231.99999999999997,55.00000000000001,112.99999999999999,0.002288329519450801
231.99999999999997,57.99999999999999,110.00000000000001,0.002288329519450801
231.99999999999997,59.0,109.00000000000001,0.002288329519450801
231.99999999999997,60.0,108.0,0.004576659038901602
231.99999999999997,61.0,107.0,0.004576659038901602
231.99999999999997,62.0,106.0,0.004576659038901602
231.99999999999997,63.0,105.0,0.009153318077803204
231.99999999999997,64.0,104.0,0.002288329519450801
231.99999999999997,65.0,103.0,0.004576659038901602
231.99999999999997,66.0,102.0,0.006864988558352402
231.99999999999997,67.0,101.0,0.009153318077803204
231.99999999999997,68.0,100.0,0.004576659038901602
231.99999999999997,69.0,99.0,0.002288329519450801
231.99999999999997,70.0,98.0,0.004576659038901602
231.99999999999997,71.0,97.0,0.013729977116704805
231.99999999999997,72.0,96.0,0.002288329519450801
231.99999999999997,73.0,95.0,0.002288329519450801
231.99999999999997,74.0,94.0,0.011441647597254004
231.99999999999997,75.0,93.0,0.013729977116704805
231.99999999999997,76.0,92.0,0.009153318077803204
231.99999999999997,77.0,91.0,0.004576659038901602
231.99999999999997,78.0,90.0,0.016018306636155607
231.99999999999997,79.0,89.0,0.020594965675057208
231.99999999999997,80.0,88.0,0.013729977116704805
231.99999999999997,81.0,87.0,0.018306636155606407
231.99999999999997,82.0,86.0,0.011441647597254004
231.99999999999997,83.0,85.0,0.016018306636155607
231.99999999999997,84.0,84.0,0.016018306636155607
231.99999999999997,85.0,83.0,0.013729977116704805
231.99999999999997,86.0,82.0,0.011441647597254004
231.99999999999997,87.0,81.0,0.009153318077803204
231.99999999999997,88.0,80.0,0.009153318077803204
231.99999999999997,89.0,79.0,0.011441647597254004
231.99999999999997,90.0,78.0,0.013729977116704805
231.99999999999997,91.0,77.0,0.004576659038901602
231.99999999999997,92.0,76.0,0.009153318077803204
231.99999999999997,93.0,75.0,0.016018306636155607
231.99999999999997,94.0,74.0,0.006864988558352402
231.99999999999997,96.0,72.0,0.002288329519450801
231.99999999999997,97.0,71.0,0.004576659038901602
231.99999999999997,98.0,70.0,0.002288329519450801
231.99999999999997,99.0,69.0,0.004576659038901602
231.99999999999997,100.0,68.0,0.004576659038901602
231.99999999999997,101.0,67.0,0.002288329519450801
231.99999999999997,102.0,66.0,0.002288329519450801
231.99999999999997,103.0,65.0,0.002288329519450801
231.99999999999997,104.0,64.0,0.006864988558352402
231.99999999999997,105.0,63.0,0.004576659038901602
231.99999999999997,106.0,62.0,0.002288329519450801
231.99999999999997,107.0,61.0,0.002288329519450801
231.99999999999997,111.00000000000001,56.99999999999999,0.002288329519450801
233.0,61.0,106.0,0.002288329519450801
233.0,62.0,105.0,0.006864988558352402
233.0,63.0,104.0,0.004576659038901602
233.0,64.0,103.0,0.002288329519450801
233.0,65.0,102.0,0.004576659038901602
233.0,66.0,101.0,0.002288329519450801
233.0,67.0,100.0,0.002288329519450801
233.0,68.0,99.0,0.002288329519450801
233.0,69.0,98.0,0.004576659038901602
233.0,70.0,97.0,0.004576659038901602
233.0,71.0,96.0,0.004576659038901602
233.0,74.0,93.0,0.006864988558352402
233.0,75.0,92.0,0.013729977116704805
233.0,76.0,91.0,0.006864988558352402
233.0,77.0,90.0,0.004576659038901602
233.0,78.0,89.0,0.004576659038901602
233.0,79.0,88.0,0.011441647597254004
233.0,80.0,87.0,0.006864988558352402
233.0,81.0,86.0,0.011441647597254004
233.0,82.0,85.0,0.004576659038901602
233.0,83.0,84.0,0.009153318077803204
233.0,84.0,83.0,0.011441647597254004
233.0,85.0,82.0,0.006864988558352402
233.0,86.0,81.0,0.004576659038901602
233.0,87.0,80.0,0.002288329519450801
233.0,88.0,79.0,0.009153318077803204
233.0,89.0,78.0,0.011441647597254004
233.0,90.0,77.0,0.009153318077803204
233.0,91.0,76.0,0.006864988558352402
233.0,92.0,75.0,0.009153318077803204
233.0,93.0,74.0,0.004576659038901602
233.0,94.0,73.0,0.004576659038901602
233.0,95.0,72.0,0.006864988558352402
233.0,96.0,71.0,0.004576659038901602
233.0,97.0,70.0,0.004576659038901602
233.0,99.0,68.0,0.004576659038901602
233.0,100.0,67.0,0.002288329519450801
233.0,101.0,66.0,0.002288329519450801
233.0,102.0,65.0,0.002288329519450801
233.0,103.0,64.0,0.002288329519450801
233.0,104.0,63.0,0.002288329519450801
233.0,105.0,62.0,0.002288329519450801
234.0,61.0,105.0,0.002288329519450801
234.0,63.0,103.0,0.002288329519450801
234.0,67.0,99.0,0.002288329519450801
234.0,69.0,97.0,0.004576659038901602
234.0,70.0,96.0,0.002288329519450801
234.0,71.0,95.0,0.004576659038901602
234.0,74.0,92.0,0.004576659038901602
234.0,75.0,91.0,0.002288329519450801
234.0,76.0,90.0,0.002288329519450801
234.0,77.0,89.0,0.002288329519450801
234.0,78.0,88.0,0.006864988558352402
234.0,79.0,87.0,0.006864988558352402
234.0,80.0,86.0,0.004576659038901602
234.0,81.0,85.0,0.004576659038901602
234.0,82.0,84.0,0.002288329519450801
234.0,83.0,83.0,0.006864988558352402
234.0,84.0,82.0,0.004576659038901602
234.0,85.0,81.0,0.004576659038901602
234.0,87.0,79.0,0.002288329519450801
234.0,88.0,78.0,0.004576659038901602
234.0,89.0,77.0,0.004576659038901602
234.0,90.0,76.0,0.002288329519450801
234.0,91.0,75.0,0.002288329519450801
234.0,94.0,72.0,0.004576659038901602
234.0,95.0,71.0,0.004576659038901602
234.0,96.0,70.0,0.006864988558352402
234.0,97.0,69.0,0.002288329519450801
234.0,98.0,68.0,0.002288329519450801
234.0,99.0,67.0,0.002288329519450801
234.0,100.0,66.0,0.002288329519450801
234.0,101.0,65.0,0.002288329519450801
234.0,104.0,62.0,0.002288329519450801
235.0,62.0,103.0,0.002288329519450801
235.0,63.0,102.0,0.002288329519450801
235.0,66.0,99.0,0.002288329519450801
235.0,67.0,98.0,0.002288329519450801
235.0,68.0,97.0,0.002288329519450801
235.0,69.0,96.0,0.002288329519450801
235.0,70.0,95.0,0.004576659038901602
235.0,71.0,94.0,0.002288329519450801
235.0,73.0,92.0,0.004576659038901602
235.0,89.0,76.0,0.002288329519450801
235.0,90.0,75.0,0.002288329519450801
235.0,92.0,73.0,0.002288329519450801
235.0,93.0,72.0,0.002288329519450801
235.0,94.0,71.0,0.002288329519450801
235.0,95.0,70.0,0.004576659038901602
236.0,72.0,92.0,0.002288329519450801
236.0,73.0,91.0,0.004576659038901602
236.0,89.0,75.0,0.002288329519450801
236.0,92.0,72.0,0.002288329519450801
236.0,94.0,70.0,0.002288329519450801
