0.117,0.566,0.317,0.0001
0.119,0.55,0.331,0.0001
0.122,0.56,0.318,0.0001
0.123,0.536,0.341,0.0001
0.123,0.559,0.318,0.0001
0.129,0.519,0.352,0.0001
0.129,0.526,0.345,0.0001
0.13,0.533,0.337,0.0001
0.13,0.537,0.333,0.0001
0.131,0.525,0.344,0.0001
0.132,0.52,0.348,0.0001
0.133,0.521,0.346,0.0001
0.135,0.517,0.348,0.0001
0.136,0.499,0.365,0.0001
0.137,0.502,0.361,0.0001
0.137,0.512,0.351,0.0001
0.137,0.517,0.346,0.0001
0.137,0.522,0.341,0.0001
0.137,0.534,0.329,0.0001
0.138,0.489,0.373,0.0001
0.138,0.51,0.352,0.0001
0.138,0.52,0.342,0.0001
0.138,0.526,0.336,0.0001
0.139,0.518,0.343,0.0001
0.14,0.506,0.354,0.0001
0.14,0.511,0.349,0.0002
0.14,0.523,0.337,0.0001
0.141,0.507,0.352,0.0002
0.142,0.497,0.361,0.0001
0.142,0.501,0.357,0.0001
0.143,0.498,0.359,0.0001
0.143,0.5,0.357,0.0001
0.143,0.501,0.356,0.0001
0.144,0.494,0.362,0.0001
0.144,0.496,0.36,0.0001
0.144,0.513,0.343,0.0001
0.145,0.491,0.364,0.0001
0.145,0.505,0.35,0.0002
0.146,0.484,0.37,0.0001
0.146,0.49,0.364,0.0001
0.146,0.506,0.348,0.0001
0.146,0.511,0.343,0.0001
0.147,0.496,0.357,0.0001
0.147,0.5,0.353,0.0001
0.147,0.501,0.352,0.0001
0.148,0.478,0.374,0.0001
0.148,0.481,0.371,0.0001
0.148,0.486,0.366,0.0001
0.148,0.489,0.363,0.0002
0.148,0.492,0.36,0.0001
0.148,0.501,0.351,0.0001
0.148,0.517,0.335,0.0001
0.149,0.481,0.37,0.0001
0.149,0.482,0.369,0.0001
0.149,0.485,0.366,0.0001
0.149,0.486,0.365,0.0001
0.149,0.49,0.361,0.0001
0.149,0.494,0.357,0.0002
0.149,0.518,0.333,0.0001
0.15,0.474,0.376,0.0001
0.15,0.48,0.37,0.0002
0.15,0.492,0.358,0.0001
0.151,0.479,0.37,0.0001
0.151,0.48,0.369,0.0001
0.151,0.481,0.368,0.0001
0.151,0.486,0.363,0.0002
0.151,0.487,0.362,0.0001
0.151,0.489,0.36,0.0001
0.151,0.492,0.357,0.0001
0.151,0.494,0.355,0.0001
0.151,0.497,0.352,0.0001
0.152,0.476,0.372,0.0001
0.152,0.479,0.369,0.0001
0.152,0.48,0.368,0.0002
0.152,0.488,0.36,0.0001
0.152,0.493,0.355,0.0001
0.152,0.504,0.344,0.0001
0.152,0.522,0.326,0.0001
0.153,0.48,0.367,0.0001
0.153,0.481,0.366,0.0001
0.153,0.482,0.365,0.0001
0.153,0.486,0.361,0.0001
0.153,0.488,0.359,0.0001
0.153,0.491,0.356,0.0001
0.153,0.496,0.351,0.0002
0.154,0.473,0.373,0.0001
0.154,0.477,0.369,0.0001
0.154,0.479,0.367,0.0001
0.154,0.481,0.365,0.0002
0.154,0.485,0.361,0.0001
0.155,0.481,0.364,0.0001
0.155,0.485,0.36,0.0002
0.155,0.487,0.358,0.0001
0.155,0.489,0.356,0.0001
0.155,0.497,0.348,0.0001
0.156,0.462,0.382,0.0001
0.156,0.465,0.379,0.0001
0.156,0.466,0.378,0.0001
0.156,0.471,0.373,0.0001
0.156,0.474,0.37,0.0001
0.156,0.478,0.366,0.0001
0.156,0.48,0.364,0.0001
0.156,0.481,0.363,0.0001
0.156,0.482,0.362,0.0002
0.156,0.484,0.36,0.0001
0.156,0.485,0.359,0.0002
0.157,0.458,0.385,0.0001
0.157,0.463,0.38,0.0001
0.157,0.467,0.376,0.0001
0.157,0.476,0.367,0.0001
0.157,0.477,0.366,0.0002
0.157,0.478,0.365,0.0001
0.157,0.481,0.362,0.0001
0.157,0.483,0.36,0.0001
0.157,0.486,0.357,0.0001
0.157,0.544,0.299,0.0001
0.158,0.464,0.378,0.0001
0.158,0.465,0.377,0.0002
0.158,0.467,0.375,0.0001
0.158,0.47,0.372,0.0001
0.158,0.471,0.371,0.0001
0.158,0.472,0.37,0.0002
0.158,0.473,0.369,0.0001
0.158,0.476,0.366,0.0003
0.158,0.477,0.365,0.0002
0.158,0.478,0.364,0.0003
0.158,0.479,0.363,0.0001
0.158,0.481,0.361,0.0001
0.158,0.483,0.359,0.0001
0.158,0.485,0.357,0.0001
0.158,0.488,0.354,0.0001
0.159,0.459,0.382,0.0001
0.159,0.464,0.377,0.0002
0.159,0.467,0.374,0.0002
0.159,0.468,0.373,0.0001
0.159,0.469,0.372,0.0001
0.159,0.471,0.37,0.0001
0.159,0.473,0.368,0.0001
0.159,0.475,0.366,0.0001
0.159,0.477,0.364,0.0001
0.159,0.479,0.362,0.0001
0.159,0.481,0.36,0.0001
0.159,0.484,0.357,0.0001
0.159,0.487,0.354,0.0001
0.159,0.488,0.353,0.0001
0.159,0.491,0.35,0.0001
0.159,0.497,0.344,0.0001
0.16,0.457,0.383,0.0001
0.16,0.463,0.377,0.0001
0.16,0.464,0.376,0.0001
0.16,0.468,0.372,0.0001
0.16,0.47,0.37,0.0001
0.16,0.471,0.369,0.0002
0.16,0.472,0.368,0.0004
0.16,0.474,0.366,0.0001
0.16,0.48,0.36,0.0002
0.16,0.482,0.358,0.0001
0.161,0.46,0.379,0.0001
0.161,0.464,0.375,0.0001
0.161,0.465,0.374,0.0001
0.161,0.467,0.372,0.0002
0.161,0.468,0.371,0.0001
0.161,0.469,0.37,0.0001
0.161,0.471,0.368,0.0001
0.161,0.473,0.366,0.0001
0.161,0.483,0.356,0.0001
0.161,0.503,0.336,0.0001
0.162,0.455,0.383,0.0001
0.162,0.457,0.381,0.0001
0.162,0.461,0.377,0.0002
0.162,0.462,0.376,0.0001
0.162,0.464,0.374,0.0003
0.162,0.465,0.373,0.0001
0.162,0.466,0.372,0.0001
0.162,0.468,0.37,0.0001
0.162,0.469,0.369,0.0001
0.162,0.471,0.367,0.0001
0.162,0.473,0.365,0.0001
0.162,0.475,0.363,0.0001
0.162,0.483,0.355,0.0001
0.162,0.489,0.349,0.0001
0.163,0.455,0.382,0.0001
0.163,0.457,0.38,0.0001
0.163,0.46,0.377,0.0002
0.163,0.461,0.376,0.0003
0.163,0.462,0.375,0.0001
0.163,0.466,0.371,0.0001
0.163,0.467,0.37,0.0004
0.163,0.469,0.368,0.0003
0.163,0.472,0.365,0.0001
0.163,0.473,0.364,0.0002
0.163,0.474,0.363,0.0001
0.163,0.483,0.354,0.0001
0.163,0.523,0.314,0.0001
0.164,0.458,0.378,0.0001
0.164,0.459,0.377,0.0001
0.164,0.461,0.375,0.0001
0.164,0.462,0.374,0.0002
0.164,0.464,0.372,0.0002
0.164,0.465,0.371,0.0001
0.164,0.469,0.367,0.0001
0.164,0.47,0.366,0.0001
0.164,0.475,0.361,0.0001
0.164,0.479,0.357,0.0001
0.164,0.491,0.345,0.0001
0.165,0.453,0.382,0.0001
0.165,0.454,0.381,0.0001
0.165,0.456,0.379,0.0001
0.165,0.457,0.378,0.0001
0.165,0.458,0.377,0.0001
0.165,0.461,0.374,0.0001
0.165,0.462,0.373,0.0002
0.165,0.465,0.37,0.0003
0.165,0.467,0.368,0.0002
0.165,0.468,0.367,0.0001
0.165,0.472,0.363,0.0001
0.165,0.492,0.343,0.0001
0.166,0.448,0.386,0.0001
0.166,0.453,0.381,0.0001
0.166,0.454,0.38,0.0001
0.166,0.455,0.379,0.0001
0.166,0.457,0.377,0.0001
0.166,0.458,0.376,0.0005
0.166,0.459,0.375,0.0001
0.166,0.46,0.374,0.0002
0.166,0.461,0.373,0.0001
0.166,0.464,0.37,0.0002
0.166,0.465,0.369,0.0003
0.166,0.467,0.367,0.0002
0.166,0.469,0.365,0.0001
0.166,0.474,0.36,0.0002
0.167,0.449,0.384,0.0001
0.167,0.455,0.378,0.0002
0.167,0.456,0.377,0.0001
0.167,0.457,0.376,0.0001
0.167,0.458,0.375,0.0002
0.167,0.459,0.374,0.0002
0.167,0.46,0.373,0.0002
0.167,0.463,0.37,0.0002
0.167,0.464,0.369,0.0001
0.167,0.466,0.367,0.0001
0.167,0.468,0.365,0.0001
0.167,0.469,0.364,0.0001
0.167,0.49,0.343,0.0001
0.168,0.45,0.382,0.0002
0.168,0.451,0.381,0.0001
0.168,0.452,0.38,0.0002
0.168,0.453,0.379,0.0002
0.168,0.455,0.377,0.0005
0.168,0.456,0.376,0.0001
0.168,0.457,0.375,0.0003
0.168,0.458,0.374,0.0001
0.168,0.461,0.371,0.0002
0.168,0.464,0.368,0.0001
0.168,0.465,0.367,0.0001
0.168,0.466,0.366,0.0001
0.168,0.467,0.365,0.0001
0.168,0.469,0.363,0.0001
0.168,0.47,0.362,0.0001
0.168,0.476,0.356,0.0001
0.169,0.444,0.387,0.0001
0.169,0.449,0.382,0.0001
0.169,0.45,0.381,0.0001
0.169,0.451,0.38,0.0003
0.169,0.452,0.379,0.0002
0.169,0.453,0.378,0.0001
0.169,0.458,0.373,0.0001
0.169,0.459,0.372,0.0004
0.169,0.46,0.371,0.0002
0.169,0.461,0.37,0.0001
0.169,0.462,0.369,0.0002
0.169,0.465,0.366,0.0001
0.169,0.474,0.357,0.0001
0.17,0.443,0.387,0.0001
0.17,0.445,0.385,0.0001
0.17,0.447,0.383,0.0001
0.17,0.448,0.382,0.0001
0.17,0.449,0.381,0.0001
0.17,0.451,0.379,0.0001
0.17,0.452,0.378,0.0003
0.17,0.453,0.377,0.0003
0.17,0.454,0.376,0.0001
0.17,0.456,0.374,0.0002
0.17,0.458,0.372,0.0001
0.17,0.459,0.371,0.0002
0.17,0.46,0.37,0.0001
0.17,0.461,0.369,0.0002
0.17,0.462,0.368,0.0001
0.17,0.465,0.365,0.0001
0.17,0.467,0.363,0.0001
0.17,0.469,0.361,0.0001
0.171,0.444,0.385,0.0001
0.171,0.446,0.383,0.0003
0.171,0.448,0.381,0.0001
0.171,0.449,0.38,0.0002
0.171,0.45,0.379,0.0002
0.171,0.451,0.378,0.0002
0.171,0.452,0.377,0.0003
0.171,0.453,0.376,0.0002
0.171,0.454,0.375,0.0005
0.171,0.457,0.372,0.0001
0.171,0.458,0.371,0.0002
0.171,0.459,0.37,0.0001
0.171,0.46,0.369,0.0001
0.171,0.461,0.368,0.0001
0.171,0.463,0.366,0.0001
0.171,0.464,0.365,0.0001
0.171,0.465,0.364,0.0001
0.171,0.467,0.362,0.0001
0.171,0.471,0.358,0.0001
0.171,0.473,0.356,0.0001
0.171,0.508,0.321,0.0001
0.172,0.446,0.382,0.0002
0.172,0.448,0.38,0.0003
0.172,0.449,0.379,0.0003
0.172,0.45,0.378,0.0002
0.172,0.451,0.377,0.0003
0.172,0.452,0.376,0.0002
0.172,0.453,0.375,0.0003
0.172,0.454,0.374,0.0004
0.172,0.455,0.373,0.0002
0.172,0.456,0.372,0.0002
0.172,0.457,0.371,0.0001
0.172,0.458,0.37,0.0001
0.172,0.459,0.369,0.0003
0.172,0.461,0.367,0.0001
0.173,0.442,0.385,0.0003
0.173,0.445,0.382,0.0001
0.173,0.446,0.381,0.0002
0.173,0.448,0.379,0.0002
0.173,0.449,0.378,0.0003
0.173,0.45,0.377,0.0002
0.173,0.451,0.376,0.0003
0.173,0.452,0.375,0.0003
0.173,0.453,0.374,0.0002
0.173,0.456,0.371,0.0002
0.173,0.457,0.37,0.0003
0.173,0.459,0.368,0.0001
0.173,0.463,0.364,0.0001
0.173,0.492,0.335,0.0001
0.174,0.439,0.387,0.0001
0.174,0.441,0.385,0.0001
0.174,0.443,0.383,0.0002
0.174,0.444,0.382,0.0002
0.174,0.445,0.381,0.0003
0.174,0.446,0.38,0.0002
0.174,0.447,0.379,0.0004
0.174,0.448,0.378,0.0001
0.174,0.449,0.377,0.0003
0.174,0.45,0.376,0.0003
0.174,0.452,0.374,0.0002
0.174,0.453,0.373,0.0002
0.174,0.454,0.372,0.0001
0.174,0.459,0.367,0.0001
0.174,0.461,0.365,0.0001
0.174,0.468,0.358,0.0001
0.174,0.484,0.342,0.0001
0.174,0.488,0.338,0.0001
0.174,0.496,0.33,0.0001
0.175,0.439,0.386,0.0002
0.175,0.441,0.384,0.0002
0.175,0.442,0.383,0.0001
0.175,0.443,0.382,0.0001
0.175,0.444,0.381,0.0002
0.175,0.445,0.38,0.0002
0.175,0.446,0.379,0.0002
0.175,0.447,0.378,0.0003
0.175,0.448,0.377,0.0004
0.175,0.452,0.373,0.0002
0.175,0.453,0.372,0.0001
0.175,0.454,0.371,0.0002
0.175,0.459,0.366,0.0001
0.175,0.461,0.364,0.0001
0.175,0.463,0.362,0.0001
0.175,0.467,0.358,0.0001
0.175,0.482,0.343,0.0001
0.175,0.489,0.336,0.0001
0.175,0.512,0.313,0.0001
0.176,0.44,0.384,0.0001
0.176,0.441,0.383,0.0002
0.176,0.442,0.382,0.0002
0.176,0.443,0.381,0.0003
0.176,0.444,0.38,0.0001
0.176,0.445,0.379,0.0005
0.176,0.446,0.378,0.0006
0.176,0.447,0.377,0.0003
0.176,0.448,0.376,0.0002
0.176,0.449,0.375,0.0002
0.176,0.45,0.374,0.0004
0.176,0.451,0.373,0.0002
0.176,0.452,0.372,0.0002
0.176,0.453,0.371,0.0002
0.176,0.454,0.37,0.0001
0.176,0.468,0.356,0.0001
0.176,0.488,0.336,0.0001
0.177,0.436,0.387,0.0001
0.177,0.437,0.386,0.0001
0.177,0.438,0.385,0.0004
0.177,0.439,0.384,0.0003
0.177,0.44,0.383,0.0002
0.177,0.441,0.382,0.0004
0.177,0.443,0.38,0.0003
0.177,0.444,0.379,0.0004
0.177,0.445,0.378,0.0004
0.177,0.446,0.377,0.0003
0.177,0.447,0.376,0.0004
0.177,0.448,0.375,0.0004
0.177,0.449,0.374,0.0001
0.177,0.45,0.373,0.0001
0.177,0.451,0.372,0.0001
0.177,0.452,0.371,0.0005
0.177,0.453,0.37,0.0002
0.177,0.454,0.369,0.0001
0.177,0.455,0.368,0.0002
0.177,0.456,0.367,0.0001
0.177,0.461,0.362,0.0001
0.177,0.466,0.357,0.0001
0.177,0.5,0.323,0.0001
0.177,0.507,0.316,0.0001
0.178,0.435,0.387,0.0001
0.178,0.436,0.386,0.0001
0.178,0.44,0.382,0.0003
0.178,0.441,0.381,0.0001
0.178,0.442,0.38,0.0003
0.178,0.443,0.379,0.0006
0.178,0.444,0.378,0.0001
0.178,0.445,0.377,0.0004
0.178,0.446,0.376,0.0002
0.178,0.447,0.375,0.0002
0.178,0.448,0.374,0.0001
0.178,0.451,0.371,0.0001
0.178,0.453,0.369,0.0001
0.178,0.456,0.366,0.0001
0.178,0.459,0.363,0.0001
0.178,0.46,0.362,0.0001
0.178,0.467,0.355,0.0002
0.178,0.477,0.345,0.0001
0.178,0.499,0.323,0.0001
0.179,0.434,0.387,0.0001
0.179,0.435,0.386,0.0002
0.179,0.436,0.385,0.0001
0.179,0.437,0.384,0.0002
0.179,0.439,0.382,0.0004
0.179,0.44,0.381,0.0002
0.179,0.441,0.38,0.0003
0.179,0.442,0.379,0.0001
0.179,0.443,0.378,0.0004
0.179,0.444,0.377,0.0001
0.179,0.445,0.376,0.0002
0.179,0.446,0.375,0.0002
0.179,0.447,0.374,0.0001
0.179,0.448,0.373,0.0002
0.179,0.449,0.372,0.0001
0.179,0.451,0.37,0.0001
0.179,0.452,0.369,0.0001
0.179,0.453,0.368,0.0001
0.179,0.454,0.367,0.0001
0.179,0.461,0.36,0.0001
0.179,0.463,0.358,0.0001
0.179,0.465,0.356,0.0001
0.179,0.483,0.338,0.0001
0.179,0.488,0.333,0.0002
0.18,0.429,0.391,0.0001
0.18,0.433,0.387,0.0002
0.18,0.434,0.386,0.0001
0.18,0.435,0.385,0.0001
0.18,0.436,0.384,0.0002
0.18,0.437,0.383,0.0003
0.18,0.438,0.382,0.0003
0.18,0.439,0.381,0.0002
0.18,0.44,0.38,0.0002
0.18,0.441,0.379,0.0001
0.18,0.442,0.378,0.0003
0.18,0.443,0.377,0.0002
0.18,0.444,0.376,0.0002
0.18,0.445,0.375,0.0003
0.18,0.452,0.368,0.0001
0.18,0.456,0.364,0.0001
0.18,0.462,0.358,0.0001
0.18,0.463,0.357,0.0003
0.18,0.464,0.356,0.0001
0.18,0.466,0.354,0.0001
0.18,0.498,0.322,0.0001
0.181,0.433,0.386,0.0001
0.181,0.434,0.385,0.0001
0.181,0.436,0.383,0.0001
0.181,0.437,0.382,0.0005
0.181,0.438,0.381,0.0005
0.181,0.439,0.38,0.0006
0.181,0.44,0.379,0.0003
0.181,0.441,0.378,0.0002
0.181,0.442,0.377,0.0007
0.181,0.443,0.376,0.0006
0.181,0.444,0.375,0.0001
0.181,0.445,0.374,0.0006
0.181,0.446,0.373,0.0003
0.181,0.447,0.372,0.0002
0.181,0.449,0.37,0.0001
0.181,0.45,0.369,0.0001
0.181,0.457,0.362,0.0001
0.181,0.458,0.361,0.0001
0.181,0.486,0.333,0.0001
0.182,0.429,0.389,0.0001
0.182,0.431,0.387,0.0002
0.182,0.432,0.386,0.0003
0.182,0.436,0.382,0.0004
0.182,0.437,0.381,0.0003
0.182,0.438,0.38,0.0007
0.182,0.439,0.379,0.0006
0.182,0.44,0.378,0.0002
0.182,0.441,0.377,0.0003
0.182,0.442,0.376,0.0003
0.182,0.443,0.375,0.0005
0.182,0.444,0.374,0.0001
0.182,0.445,0.373,0.0001
0.182,0.446,0.372,0.0001
0.182,0.448,0.37,0.0001
0.182,0.449,0.369,0.0001
0.182,0.454,0.364,0.0001
0.182,0.462,0.356,0.0001
0.182,0.467,0.351,0.0001
0.182,0.473,0.345,0.0001
0.183,0.426,0.391,0.0001
0.183,0.427,0.39,0.0001
0.183,0.43,0.387,0.0002
0.183,0.431,0.386,0.0003
0.183,0.432,0.385,0.0002
0.183,0.433,0.384,0.0001
0.183,0.434,0.383,0.0004
0.183,0.435,0.382,0.0002
0.183,0.436,0.381,0.0001
0.183,0.437,0.38,0.0002
0.183,0.438,0.379,0.0002
0.183,0.439,0.378,0.0003
0.183,0.44,0.377,0.0004
0.183,0.441,0.376,0.0002
0.183,0.442,0.375,0.0005
0.183,0.443,0.374,0.0003
0.183,0.445,0.372,0.0004
0.183,0.446,0.371,0.0002
0.183,0.447,0.37,0.0002
0.183,0.448,0.369,0.0001
0.183,0.466,0.351,0.0001
0.184,0.427,0.389,0.0001
0.184,0.43,0.386,0.0001
0.184,0.431,0.385,0.0005
0.184,0.432,0.384,0.0001
0.184,0.433,0.383,0.0006
0.184,0.434,0.382,0.0007
0.184,0.435,0.381,0.0004
0.184,0.436,0.38,0.0008
0.184,0.437,0.379,0.0005
0.184,0.438,0.378,0.0001
0.184,0.439,0.377,0.0005
0.184,0.44,0.376,0.0002
0.184,0.441,0.375,0.0001
0.184,0.442,0.374,0.0001
0.184,0.445,0.371,0.0001
0.184,0.449,0.367,0.0001
0.184,0.451,0.365,0.0001
0.184,0.454,0.362,0.0001
0.184,0.456,0.36,0.0002
0.184,0.462,0.354,0.0001
0.184,0.494,0.322,0.0001
0.185,0.426,0.389,0.0001
0.185,0.429,0.386,0.0002
0.185,0.43,0.385,0.0003
0.185,0.431,0.384,0.0003
0.185,0.432,0.383,0.0002
0.185,0.433,0.382,0.0003
0.185,0.434,0.381,0.0006
0.185,0.435,0.38,0.0006
0.185,0.436,0.379,0.0008
0.185,0.437,0.378,0.0003
0.185,0.438,0.377,0.0005
0.185,0.44,0.375,0.0003
0.185,0.441,0.374,0.0003
0.185,0.443,0.372,0.0001
0.185,0.444,0.371,0.0005
0.185,0.445,0.37,0.0001
0.185,0.448,0.367,0.0001
0.185,0.451,0.364,0.0002
0.185,0.453,0.362,0.0001
0.185,0.466,0.349,0.0001
0.185,0.468,0.347,0.0001
0.185,0.475,0.34,0.0001
0.185,0.479,0.336,0.0002
0.186,0.425,0.389,0.0001
0.186,0.427,0.387,0.0002
0.186,0.428,0.386,0.0003
0.186,0.429,0.385,0.0003
0.186,0.43,0.384,0.0004
0.186,0.431,0.383,0.0004
0.186,0.432,0.382,0.0006
0.186,0.433,0.381,0.0008
0.186,0.434,0.38,0.0005
0.186,0.435,0.379,0.0002
0.186,0.436,0.378,0.0003
0.186,0.437,0.377,0.0003
0.186,0.438,0.376,0.0001
0.186,0.439,0.375,0.0001
0.186,0.44,0.374,0.0001
0.186,0.441,0.373,0.0001
0.186,0.442,0.372,0.0002
0.186,0.444,0.37,0.0001
0.186,0.445,0.369,0.0001
0.186,0.449,0.365,0.0001
0.186,0.451,0.363,0.0001
0.186,0.452,0.362,0.0001
0.186,0.459,0.355,0.0001
0.186,0.462,0.352,0.0001
0.186,0.466,0.348,0.0001
0.186,0.467,0.347,0.0001
0.186,0.468,0.346,0.0001
0.186,0.477,0.337,0.0001
0.186,0.479,0.335,0.0001
0.187,0.424,0.389,0.0002
0.187,0.426,0.387,0.0002
0.187,0.427,0.386,0.0003
0.187,0.428,0.385,0.0003
0.187,0.429,0.384,0.0006
0.187,0.43,0.383,0.0002
0.187,0.431,0.382,0.0004
0.187,0.432,0.381,0.0007
0.187,0.433,0.38,0.0006
0.187,0.434,0.379,0.0006
0.187,0.435,0.378,0.0002
0.187,0.436,0.377,0.0002
0.187,0.437,0.376,0.0002
0.187,0.438,0.375,0.0001
0.187,0.439,0.374,0.0002
0.187,0.442,0.371,0.0001
0.187,0.443,0.37,0.0001
0.187,0.445,0.368,0.0001
0.187,0.453,0.36,0.0001
0.187,0.454,0.359,0.0001
0.187,0.455,0.358,0.0001
0.187,0.459,0.354,0.0001
0.188,0.422,0.39,0.0001
0.188,0.423,0.389,0.0001
0.188,0.424,0.388,0.0002
0.188,0.425,0.387,0.0001
0.188,0.426,0.386,0.0002
0.188,0.427,0.385,0.0003
0.188,0.428,0.384,0.0004
0.188,0.429,0.383,0.0003
0.188,0.43,0.382,0.0005
0.188,0.431,0.381,0.0009
0.188,0.432,0.38,0.001
0.188,0.433,0.379,0.0006
0.188,0.434,0.378,0.0004
0.188,0.435,0.377,0.0003
0.188,0.436,0.376,0.0003
0.188,0.437,0.375,0.0002
0.188,0.438,0.374,0.0001
0.188,0.444,0.368,0.0001
0.188,0.445,0.367,0.0001
0.188,0.457,0.355,0.0001
0.188,0.462,0.35,0.0001
0.188,0.464,0.348,0.0001
0.188,0.469,0.343,0.0001
0.189,0.423,0.388,0.0001
0.189,0.424,0.387,0.0001
0.189,0.425,0.386,0.0005
0.189,0.426,0.385,0.0004
0.189,0.427,0.384,0.0005
0.189,0.428,0.383,0.0005
0.189,0.429,0.382,0.0003
0.189,0.43,0.381,0.0006
0.189,0.431,0.38,0.0005
0.189,0.432,0.379,0.0006
0.189,0.433,0.378,0.0002
0.189,0.434,0.377,0.0003
0.189,0.435,0.376,0.0002
0.189,0.436,0.375,0.0002
0.189,0.437,0.374,0.0002
0.189,0.438,0.373,0.0001
0.189,0.446,0.365,0.0001
0.189,0.448,0.363,0.0001
0.189,0.452,0.359,0.0001
0.189,0.453,0.358,0.0001
0.189,0.459,0.352,0.0001
0.189,0.463,0.348,0.0001
0.189,0.464,0.347,0.0002
0.189,0.478,0.333,0.0001
0.19,0.421,0.389,0.0001
0.19,0.422,0.388,0.0001
0.19,0.423,0.387,0.0001
0.19,0.424,0.386,0.0003
0.19,0.425,0.385,0.0004
0.19,0.426,0.384,0.0003
0.19,0.427,0.383,0.0011
0.19,0.428,0.382,0.0007
0.19,0.429,0.381,0.0002
0.19,0.43,0.38,0.0005
0.19,0.431,0.379,0.0004
0.19,0.432,0.378,0.0007
0.19,0.433,0.377,0.0007
0.19,0.434,0.376,0.0003
0.19,0.435,0.375,0.0002
0.19,0.436,0.374,0.0003
0.19,0.437,0.373,0.0003
0.19,0.438,0.372,0.0002
0.19,0.439,0.371,0.0001
0.19,0.441,0.369,0.0001
0.19,0.444,0.366,0.0001
0.19,0.467,0.343,0.0001
0.19,0.468,0.342,0.0001
0.19,0.48,0.33,0.0001
0.191,0.419,0.39,0.0001
0.191,0.42,0.389,0.0001
0.191,0.422,0.387,0.0003
0.191,0.424,0.385,0.0006
0.191,0.425,0.384,0.0005
0.191,0.426,0.383,0.0006
0.191,0.427,0.382,0.001
0.191,0.428,0.381,0.0005
0.191,0.429,0.38,0.0008
0.191,0.43,0.379,0.0002
0.191,0.431,0.378,0.0005
0.191,0.432,0.377,0.0005
0.191,0.433,0.376,0.0006
0.191,0.435,0.374,0.0004
0.191,0.436,0.373,0.0001
0.191,0.437,0.372,0.0001
0.191,0.438,0.371,0.0001
0.191,0.439,0.37,0.0001
0.191,0.442,0.367,0.0001
0.191,0.448,0.361,0.0001
0.191,0.451,0.358,0.0001
0.191,0.453,0.356,0.0001
0.191,0.459,0.35,0.0001
0.191,0.466,0.343,0.0001
0.191,0.472,0.337,0.0001
0.192,0.417,0.391,0.0002
0.192,0.418,0.39,0.0001
0.192,0.419,0.389,0.0001
0.192,0.421,0.387,0.0002
0.192,0.422,0.386,0.0003
0.192,0.423,0.385,0.0003
0.192,0.424,0.384,0.0007
0.192,0.425,0.383,0.0004
0.192,0.426,0.382,0.001
0.192,0.427,0.381,0.0008
0.192,0.428,0.38,0.0006
0.192,0.429,0.379,0.0007
0.192,0.43,0.378,0.0005
0.192,0.431,0.377,0.0003
0.192,0.432,0.376,0.0003
0.192,0.434,0.374,0.0001
0.192,0.435,0.373,0.0002
0.192,0.437,0.371,0.0001
0.192,0.439,0.369,0.0002
0.192,0.449,0.359,0.0001
0.192,0.457,0.351,0.0001
0.192,0.459,0.349,0.0001
0.192,0.461,0.347,0.0002
0.192,0.462,0.346,0.0001
0.193,0.414,0.393,0.0001
0.193,0.418,0.389,0.0002
0.193,0.419,0.388,0.0003
0.193,0.42,0.387,0.0002
0.193,0.421,0.386,0.0002
0.193,0.422,0.385,0.0001
0.193,0.423,0.384,0.0008
0.193,0.424,0.383,0.0005
0.193,0.425,0.382,0.0011
0.193,0.426,0.381,0.0008
0.193,0.427,0.38,0.0009
0.193,0.428,0.379,0.0005
0.193,0.429,0.378,0.0007
0.193,0.43,0.377,0.0006
0.193,0.432,0.375,0.0002
0.193,0.435,0.372,0.0001
0.193,0.437,0.37,0.0001
0.193,0.441,0.366,0.0002
0.193,0.442,0.365,0.0001
0.193,0.443,0.364,0.0001
0.193,0.445,0.362,0.0001
0.193,0.45,0.357,0.0001
0.193,0.452,0.355,0.0001
0.193,0.455,0.352,0.0001
0.193,0.457,0.35,0.0001
0.193,0.461,0.346,0.0001
0.193,0.465,0.342,0.0001
0.193,0.47,0.337,0.0001
0.194,0.416,0.39,0.0002
0.194,0.417,0.389,0.0001
0.194,0.418,0.388,0.0003
0.194,0.419,0.387,0.0003
0.194,0.42,0.386,0.0002
0.194,0.421,0.385,0.0006
0.194,0.422,0.384,0.0004
0.194,0.423,0.383,0.0008
0.194,0.424,0.382,0.0004
0.194,0.425,0.381,0.0006
0.194,0.426,0.38,0.0013
0.194,0.427,0.379,0.0002
0.194,0.428,0.378,0.0005
0.194,0.429,0.377,0.0007
0.194,0.43,0.376,0.0001
0.194,0.434,0.372,0.0001
0.194,0.44,0.366,0.0001
0.194,0.442,0.364,0.0002
0.194,0.443,0.363,0.0001
0.194,0.448,0.358,0.0001
0.194,0.449,0.357,0.0001
0.194,0.453,0.353,0.0001
0.194,0.458,0.348,0.0002
0.194,0.462,0.344,0.0001
0.194,0.464,0.342,0.0001
0.194,0.466,0.34,0.0001
0.194,0.469,0.337,0.0001
0.195,0.415,0.39,0.0001
0.195,0.416,0.389,0.0003
0.195,0.417,0.388,0.0004
0.195,0.418,0.387,0.0002
0.195,0.419,0.386,0.0003
0.195,0.42,0.385,0.0002
0.195,0.421,0.384,0.0005
0.195,0.422,0.383,0.001
0.195,0.423,0.382,0.0003
0.195,0.424,0.381,0.0009
0.195,0.425,0.38,0.0006
0.195,0.426,0.379,0.0005
0.195,0.428,0.377,0.0002
0.195,0.429,0.376,0.0004
0.195,0.43,0.375,0.0002
0.195,0.431,0.374,0.0001
0.195,0.432,0.373,0.0001
0.195,0.433,0.372,0.0002
0.195,0.435,0.37,0.0001
0.195,0.436,0.369,0.0002
0.195,0.44,0.365,0.0001
0.195,0.443,0.362,0.0001
0.195,0.461,0.344,0.0001
0.195,0.463,0.342,0.0002
0.195,0.466,0.339,0.0002
0.195,0.467,0.338,0.0001
0.196,0.414,0.39,0.0002
0.196,0.417,0.387,0.0003
0.196,0.418,0.386,0.0005
0.196,0.419,0.385,0.0002
0.196,0.42,0.384,0.0003
0.196,0.421,0.383,0.0009
0.196,0.422,0.382,0.0008
0.196,0.423,0.381,0.0005
0.196,0.424,0.38,0.0005
0.196,0.425,0.379,0.0005
0.196,0.426,0.378,0.0006
0.196,0.428,0.376,0.0002
0.196,0.429,0.375,0.0001
0.196,0.43,0.374,0.0001
0.196,0.431,0.373,0.0002
0.196,0.434,0.37,0.0001
0.196,0.439,0.365,0.0001
0.196,0.44,0.364,0.0002
0.196,0.443,0.361,0.0001
0.196,0.444,0.36,0.0002
0.196,0.446,0.358,0.0002
0.196,0.448,0.356,0.0001
0.196,0.452,0.352,0.0001
0.196,0.458,0.346,0.0001
0.196,0.459,0.345,0.0001
0.197,0.412,0.391,0.0001
0.197,0.414,0.389,0.0003
0.197,0.415,0.388,0.0004
0.197,0.416,0.387,0.0002
0.197,0.417,0.386,0.001
0.197,0.418,0.385,0.0002
0.197,0.419,0.384,0.0005
0.197,0.42,0.383,0.0003
0.197,0.421,0.382,0.0005
0.197,0.422,0.381,0.0006
0.197,0.423,0.38,0.0007
0.197,0.424,0.379,0.0006
0.197,0.425,0.378,0.0007
0.197,0.426,0.377,0.0004
0.197,0.427,0.376,0.0001
0.197,0.429,0.374,0.0001
0.197,0.431,0.372,0.0002
0.197,0.433,0.37,0.0001
0.197,0.438,0.365,0.0001
0.197,0.441,0.362,0.0001
0.197,0.445,0.358,0.0001
0.197,0.446,0.357,0.0001
0.197,0.448,0.355,0.0001
0.197,0.454,0.349,0.0001
0.197,0.455,0.348,0.0001
0.197,0.456,0.347,0.0002
0.197,0.46,0.343,0.0001
0.198,0.411,0.391,0.0001
0.198,0.414,0.388,0.0002
0.198,0.415,0.387,0.0003
0.198,0.416,0.386,0.0003
0.198,0.417,0.385,0.0002
0.198,0.418,0.384,0.0006
0.198,0.419,0.383,0.0005
0.198,0.42,0.382,0.0003
0.198,0.421,0.381,0.0006
0.198,0.422,0.38,0.0015
0.198,0.423,0.379,0.0003
0.198,0.424,0.378,0.0003
0.198,0.425,0.377,0.0002
0.198,0.426,0.376,0.0001
0.198,0.427,0.375,0.0002
0.198,0.43,0.372,0.0001
0.198,0.431,0.371,0.0002
0.198,0.432,0.37,0.0002
0.198,0.434,0.368,0.0001
0.198,0.435,0.367,0.0001
0.198,0.437,0.365,0.0001
0.198,0.439,0.363,0.0002
0.198,0.44,0.362,0.0002
0.198,0.454,0.348,0.0001
0.198,0.456,0.346,0.0001
0.198,0.457,0.345,0.0001
0.199,0.409,0.392,0.0001
0.199,0.411,0.39,0.0003
0.199,0.412,0.389,0.0001
0.199,0.413,0.388,0.0002
0.199,0.414,0.387,0.0005
0.199,0.415,0.386,0.0003
0.199,0.416,0.385,0.0002
0.199,0.417,0.384,0.0008
0.199,0.418,0.383,0.0004
0.199,0.419,0.382,0.0007
0.199,0.42,0.381,0.0003
0.199,0.421,0.38,0.0008
0.199,0.422,0.379,0.0011
0.199,0.423,0.378,0.0005
0.199,0.424,0.377,0.0006
0.199,0.425,0.376,0.0001
0.199,0.426,0.375,0.0003
0.199,0.427,0.374,0.0002
0.199,0.428,0.373,0.0002
0.199,0.432,0.369,0.0001
0.199,0.435,0.366,0.0001
0.199,0.438,0.363,0.0002
0.199,0.439,0.362,0.0001
0.199,0.441,0.36,0.0001
0.199,0.443,0.358,0.0001
0.199,0.444,0.357,0.0001
0.199,0.445,0.356,0.0001
0.199,0.447,0.354,0.0001
0.199,0.448,0.353,0.0001
0.199,0.45,0.351,0.0001
0.199,0.451,0.35,0.0002
0.199,0.452,0.349,0.0001
0.199,0.456,0.345,0.0001
0.199,0.457,0.344,0.0001
0.2,0.409,0.391,0.0001
0.2,0.41,0.39,0.0002
0.2,0.411,0.389,0.0001
0.2,0.413,0.387,0.0003
0.2,0.414,0.386,0.0003
0.2,0.415,0.385,0.0006
0.2,0.416,0.384,0.0008
0.2,0.417,0.383,0.0005
0.2,0.418,0.382,0.0009
0.2,0.419,0.381,0.0011
0.2,0.42,0.38,0.0006
0.2,0.421,0.379,0.0003
0.2,0.422,0.378,0.0004
0.2,0.423,0.377,0.0001
0.2,0.424,0.376,0.0004
0.2,0.425,0.375,0.0004
0.2,0.427,0.373,0.0001
0.2,0.428,0.372,0.0002
0.2,0.43,0.37,0.0001
0.2,0.433,0.367,0.0001
0.2,0.434,0.366,0.0002
0.2,0.435,0.365,0.0001
0.2,0.437,0.363,0.0001
0.2,0.441,0.359,0.0001
0.2,0.443,0.357,0.0001
0.2,0.446,0.354,0.0002
0.201,0.407,0.392,0.0001
0.201,0.409,0.39,0.0003
0.201,0.41,0.389,0.0004
0.201,0.411,0.388,0.0001
0.201,0.412,0.387,0.0004
0.201,0.413,0.386,0.0009
0.201,0.414,0.385,0.0002
0.201,0.415,0.384,0.0003
0.201,0.416,0.383,0.0006
0.201,0.417,0.382,0.001
0.201,0.418,0.381,0.0002
0.201,0.419,0.38,0.0008
0.201,0.42,0.379,0.0009
0.201,0.421,0.378,0.0005
0.201,0.422,0.377,0.0003
0.201,0.424,0.375,0.0002
0.201,0.425,0.374,0.0002
0.201,0.426,0.373,0.0001
0.201,0.428,0.371,0.0001
0.201,0.43,0.369,0.0001
0.201,0.431,0.368,0.0001
0.201,0.432,0.367,0.0001
0.201,0.433,0.366,0.0001
0.201,0.437,0.362,0.0001
0.201,0.439,0.36,0.0001
0.201,0.441,0.358,0.0001
0.201,0.444,0.355,0.0001
0.201,0.445,0.354,0.0001
0.201,0.446,0.353,0.0001
0.201,0.45,0.349,0.0002
0.201,0.451,0.348,0.0001
0.201,0.453,0.346,0.0001
0.201,0.462,0.337,0.0001
0.202,0.407,0.391,0.0001
0.202,0.408,0.39,0.0001
0.202,0.409,0.389,0.0003
0.202,0.41,0.388,0.0003
0.202,0.411,0.387,0.0004
0.202,0.412,0.386,0.0003
0.202,0.413,0.385,0.0003
0.202,0.414,0.384,0.0003
0.202,0.415,0.383,0.0006
0.202,0.416,0.382,0.0004
0.202,0.417,0.381,0.0004
0.202,0.418,0.38,0.0007
0.202,0.419,0.379,0.0006
0.202,0.42,0.378,0.0001
0.202,0.421,0.377,0.0003
0.202,0.422,0.376,0.0005
0.202,0.423,0.375,0.0002
0.202,0.426,0.372,0.0001
0.202,0.428,0.37,0.0001
0.202,0.429,0.369,0.0001
0.202,0.432,0.366,0.0001
0.202,0.438,0.36,0.0001
0.202,0.445,0.353,0.0002
0.202,0.446,0.352,0.0001
0.202,0.45,0.348,0.0002
0.203,0.404,0.393,0.0001
0.203,0.407,0.39,0.0003
0.203,0.408,0.389,0.0003
0.203,0.409,0.388,0.0004
0.203,0.41,0.387,0.0005
0.203,0.411,0.386,0.0002
0.203,0.412,0.385,0.0005
0.203,0.413,0.384,0.0006
0.203,0.414,0.383,0.0004
0.203,0.415,0.382,0.0009
0.203,0.416,0.381,0.0005
0.203,0.417,0.38,0.0005
0.203,0.418,0.379,0.0007
0.203,0.419,0.378,0.0008
0.203,0.42,0.377,0.0002
0.203,0.421,0.376,0.0001
0.203,0.422,0.375,0.0001
0.203,0.423,0.374,0.0001
0.203,0.424,0.373,0.0002
0.203,0.428,0.369,0.0002
0.203,0.43,0.367,0.0001
0.203,0.431,0.366,0.0002
0.203,0.432,0.365,0.0001
0.203,0.433,0.364,0.0001
0.203,0.436,0.361,0.0001
0.203,0.44,0.357,0.0002
0.203,0.452,0.345,0.0001
0.204,0.404,0.392,0.0001
0.204,0.405,0.391,0.0003
0.204,0.407,0.389,0.0002
0.204,0.408,0.388,0.0002
0.204,0.409,0.387,0.0004
0.204,0.41,0.386,0.0004
0.204,0.411,0.385,0.0005
0.204,0.412,0.384,0.0006
0.204,0.413,0.383,0.0002
0.204,0.414,0.382,0.001
0.204,0.415,0.381,0.0008
0.204,0.416,0.38,0.0007
0.204,0.417,0.379,0.0011
0.204,0.418,0.378,0.0006
0.204,0.419,0.377,0.0003
0.204,0.42,0.376,0.0007
0.204,0.421,0.375,0.0001
0.204,0.423,0.373,0.0002
0.204,0.425,0.371,0.0001
0.204,0.427,0.369,0.0001
0.204,0.431,0.365,0.0002
0.204,0.433,0.363,0.0001
0.204,0.434,0.362,0.0001
0.204,0.442,0.354,0.0002
0.204,0.443,0.353,0.0002
0.204,0.444,0.352,0.0003
0.205,0.405,0.39,0.0001
0.205,0.406,0.389,0.0004
0.205,0.407,0.388,0.0003
0.205,0.408,0.387,0.0002
0.205,0.409,0.386,0.0005
0.205,0.41,0.385,0.0005
0.205,0.411,0.384,0.0004
0.205,0.412,0.383,0.0005
0.205,0.413,0.382,0.0005
0.205,0.414,0.381,0.0006
0.205,0.415,0.38,0.0004
0.205,0.416,0.379,0.0007
0.205,0.417,0.378,0.0008
0.205,0.418,0.377,0.0006
0.205,0.42,0.375,0.0001
0.205,0.421,0.374,0.0002
0.205,0.423,0.372,0.0002
0.205,0.424,0.371,0.0001
0.205,0.426,0.369,0.0002
0.205,0.428,0.367,0.0001
0.205,0.433,0.362,0.0002
0.205,0.435,0.36,0.0001
0.205,0.436,0.359,0.0002
0.205,0.437,0.358,0.0001
0.205,0.439,0.356,0.0002
0.205,0.442,0.353,0.0001
0.205,0.448,0.347,0.0001
0.206,0.402,0.392,0.0001
0.206,0.403,0.391,0.0001
0.206,0.404,0.39,0.0002
0.206,0.406,0.388,0.0001
0.206,0.407,0.387,0.0004
0.206,0.408,0.386,0.0003
0.206,0.409,0.385,0.0001
0.206,0.41,0.384,0.0006
0.206,0.411,0.383,0.0004
0.206,0.412,0.382,0.0006
0.206,0.413,0.381,0.0004
0.206,0.414,0.38,0.0006
0.206,0.415,0.379,0.0005
0.206,0.416,0.378,0.0004
0.206,0.417,0.377,0.0007
0.206,0.418,0.376,0.0005
0.206,0.419,0.375,0.0002
0.206,0.42,0.374,0.0003
0.206,0.422,0.372,0.0002
0.206,0.425,0.369,0.0001
0.206,0.426,0.368,0.0002
0.206,0.427,0.367,0.0002
0.206,0.428,0.366,0.0001
0.206,0.431,0.363,0.0002
0.206,0.433,0.361,0.0001
0.206,0.434,0.36,0.0003
0.206,0.436,0.358,0.0001
0.206,0.437,0.357,0.0001
0.206,0.438,0.356,0.0002
0.206,0.439,0.355,0.0001
0.207,0.399,0.394,0.0001
0.207,0.403,0.39,0.0001
0.207,0.404,0.389,0.0002
0.207,0.405,0.388,0.0004
0.207,0.406,0.387,0.0003
0.207,0.407,0.386,0.0007
0.207,0.408,0.385,0.0002
0.207,0.409,0.384,0.0006
0.207,0.41,0.383,0.0012
0.207,0.411,0.382,0.0001
0.207,0.412,0.381,0.0006
0.207,0.413,0.38,0.0002
0.207,0.414,0.379,0.0004
0.207,0.415,0.378,0.0003
0.207,0.416,0.377,0.0005
0.207,0.417,0.376,0.0004
0.207,0.418,0.375,0.0002
0.207,0.419,0.374,0.0001
0.207,0.42,0.373,0.0002
0.207,0.421,0.372,0.0002
0.207,0.423,0.37,0.0001
0.207,0.424,0.369,0.0001
0.207,0.426,0.367,0.0001
0.207,0.427,0.366,0.0001
0.207,0.434,0.359,0.0001
0.207,0.438,0.355,0.0001
0.207,0.442,0.351,0.0001
0.208,0.4,0.392,0.0001
0.208,0.402,0.39,0.0001
0.208,0.403,0.389,0.0005
0.208,0.404,0.388,0.0006
0.208,0.405,0.387,0.0004
0.208,0.406,0.386,0.0002
0.208,0.407,0.385,0.0005
0.208,0.408,0.384,0.0008
0.208,0.409,0.383,0.0004
0.208,0.41,0.382,0.0008
0.208,0.411,0.381,0.0003
0.208,0.412,0.38,0.0007
0.208,0.413,0.379,0.0006
0.208,0.414,0.378,0.0006
0.208,0.415,0.377,0.0003
0.208,0.416,0.376,0.0003
0.208,0.417,0.375,0.0001
0.208,0.418,0.374,0.0001
0.208,0.419,0.373,0.0001
0.208,0.42,0.372,0.0002
0.208,0.422,0.37,0.0001
0.208,0.424,0.368,0.0001
0.208,0.426,0.366,0.0001
0.208,0.429,0.363,0.0001
0.208,0.43,0.362,0.0001
0.208,0.431,0.361,0.0003
0.208,0.432,0.36,0.0001
0.208,0.435,0.357,0.0003
0.208,0.438,0.354,0.0001
0.209,0.398,0.393,0.0001
0.209,0.401,0.39,0.0003
0.209,0.403,0.388,0.0004
0.209,0.404,0.387,0.0004
0.209,0.405,0.386,0.0007
0.209,0.406,0.385,0.0004
0.209,0.407,0.384,0.0004
0.209,0.408,0.383,0.0006
0.209,0.409,0.382,0.0007
0.209,0.41,0.381,0.0002
0.209,0.411,0.38,0.0005
0.209,0.412,0.379,0.0007
0.209,0.413,0.378,0.0005
0.209,0.414,0.377,0.0002
0.209,0.415,0.376,0.0005
0.209,0.416,0.375,0.0005
0.209,0.417,0.374,0.0003
0.209,0.418,0.373,0.0001
0.209,0.419,0.372,0.0002
0.209,0.42,0.371,0.0001
0.209,0.421,0.37,0.0002
0.209,0.422,0.369,0.0003
0.209,0.423,0.368,0.0001
0.209,0.424,0.367,0.0001
0.209,0.426,0.365,0.0001
0.209,0.427,0.364,0.0001
0.209,0.428,0.363,0.0001
0.209,0.429,0.362,0.0001
0.209,0.43,0.361,0.0001
0.209,0.431,0.36,0.0002
0.209,0.436,0.355,0.0001
0.209,0.437,0.354,0.0001
0.209,0.443,0.348,0.0001
0.21,0.399,0.391,0.0001
0.21,0.4,0.39,0.0003
0.21,0.401,0.389,0.0003
0.21,0.402,0.388,0.0003
0.21,0.403,0.387,0.0006
0.21,0.404,0.386,0.0005
0.21,0.405,0.385,0.0006
0.21,0.406,0.384,0.0007
0.21,0.407,0.383,0.0002
0.21,0.408,0.382,0.0003
0.21,0.409,0.381,0.0005
0.21,0.41,0.38,0.0005
0.21,0.411,0.379,0.0002
0.21,0.412,0.378,0.0008
0.21,0.413,0.377,0.0004
0.21,0.414,0.376,0.0011
0.21,0.415,0.375,0.0004
0.21,0.416,0.374,0.0002
0.21,0.417,0.373,0.0003
0.21,0.419,0.371,0.0001
0.21,0.42,0.37,0.0002
0.21,0.423,0.367,0.0001
0.21,0.425,0.365,0.0003
0.21,0.426,0.364,0.0001
0.21,0.429,0.361,0.0001
0.21,0.431,0.359,0.0001
0.21,0.432,0.358,0.0001
0.21,0.433,0.357,0.0001
0.21,0.437,0.353,0.0001
0.21,0.441,0.349,0.0001
0.211,0.397,0.392,0.0004
0.211,0.398,0.391,0.0002
0.211,0.399,0.39,0.0001
0.211,0.4,0.389,0.0002
0.211,0.401,0.388,0.0006
0.211,0.402,0.387,0.0002
0.211,0.403,0.386,0.0004
0.211,0.404,0.385,0.0006
0.211,0.405,0.384,0.0007
0.211,0.406,0.383,0.0002
0.211,0.407,0.382,0.0003
0.211,0.408,0.381,0.0007
0.211,0.409,0.38,0.0007
0.211,0.41,0.379,0.0007
0.211,0.411,0.378,0.0003
0.211,0.412,0.377,0.0007
0.211,0.413,0.376,0.0009
0.211,0.414,0.375,0.0008
0.211,0.415,0.374,0.0002
0.211,0.416,0.373,0.0001
0.211,0.418,0.371,0.0001
0.211,0.42,0.369,0.0001
0.211,0.422,0.367,0.0001
0.211,0.423,0.366,0.0002
0.211,0.432,0.357,0.0001
0.211,0.435,0.354,0.0001
0.212,0.397,0.391,0.0001
0.212,0.399,0.389,0.0001
0.212,0.4,0.388,0.0006
0.212,0.401,0.387,0.0002
0.212,0.402,0.386,0.0007
0.212,0.403,0.385,0.0003
0.212,0.404,0.384,0.0006
0.212,0.405,0.383,0.0005
0.212,0.406,0.382,0.0008
0.212,0.407,0.381,0.0006
0.212,0.408,0.38,0.0003
0.212,0.409,0.379,0.0003
0.212,0.41,0.378,0.0007
0.212,0.411,0.377,0.0001
0.212,0.412,0.376,0.0004
0.212,0.413,0.375,0.0003
0.212,0.414,0.374,0.0004
0.212,0.415,0.373,0.0001
0.212,0.416,0.372,0.0003
0.212,0.419,0.369,0.0001
0.212,0.42,0.368,0.0002
0.212,0.421,0.367,0.0002
0.212,0.422,0.366,0.0001
0.212,0.423,0.365,0.0001
0.212,0.427,0.361,0.0001
0.212,0.431,0.357,0.0001
0.212,0.439,0.349,0.0001
0.213,0.394,0.393,0.0001
0.213,0.395,0.392,0.0001
0.213,0.396,0.391,0.0003
0.213,0.397,0.39,0.0003
0.213,0.398,0.389,0.0001
0.213,0.399,0.388,0.0004
0.213,0.4,0.387,0.0004
0.213,0.401,0.386,0.0004
0.213,0.402,0.385,0.0006
0.213,0.403,0.384,0.0002
0.213,0.404,0.383,0.0003
0.213,0.405,0.382,0.0003
0.213,0.406,0.381,0.0005
0.213,0.407,0.38,0.0003
0.213,0.408,0.379,0.0005
0.213,0.409,0.378,0.0007
0.213,0.411,0.376,0.0004
0.213,0.412,0.375,0.0008
0.213,0.413,0.374,0.0004
0.213,0.414,0.373,0.0002
0.213,0.416,0.371,0.0001
0.213,0.417,0.37,0.0001
0.213,0.419,0.368,0.0003
0.213,0.42,0.367,0.0001
0.213,0.421,0.366,0.0001
0.213,0.422,0.365,0.0001
0.213,0.423,0.364,0.0001
0.213,0.424,0.363,0.0001
0.213,0.425,0.362,0.0001
0.213,0.427,0.36,0.0001
0.213,0.429,0.358,0.0001
0.214,0.395,0.391,0.0001
0.214,0.396,0.39,0.0003
0.214,0.397,0.389,0.0003
0.214,0.398,0.388,0.0004
0.214,0.399,0.387,0.0009
0.214,0.4,0.386,0.0005
0.214,0.401,0.385,0.0008
0.214,0.402,0.384,0.0006
0.214,0.403,0.383,0.0003
0.214,0.404,0.382,0.0007
0.214,0.405,0.381,0.0006
0.214,0.406,0.38,0.0002
0.214,0.407,0.379,0.0001
0.214,0.408,0.378,0.0001
0.214,0.409,0.377,0.0002
0.214,0.41,0.376,0.0005
0.214,0.411,0.375,0.0005
0.214,0.412,0.374,0.0007
0.214,0.413,0.373,0.0001
0.214,0.414,0.372,0.0002
0.214,0.415,0.371,0.0001
0.214,0.416,0.37,0.0002
0.214,0.419,0.367,0.0002
0.214,0.42,0.366,0.0001
0.214,0.423,0.363,0.0001
0.214,0.424,0.362,0.0001
0.215,0.393,0.392,0.0003
0.215,0.395,0.39,0.0002
0.215,0.396,0.389,0.0003
0.215,0.397,0.388,0.0008
0.215,0.398,0.387,0.0004
0.215,0.399,0.386,0.0005
0.215,0.4,0.385,0.0003
0.215,0.401,0.384,0.0006
0.215,0.402,0.383,0.0004
0.215,0.403,0.382,0.0002
0.215,0.404,0.381,0.0004
0.215,0.405,0.38,0.0007
0.215,0.406,0.379,0.0002
0.215,0.407,0.378,0.0002
0.215,0.408,0.377,0.0002
0.215,0.409,0.376,0.0005
0.215,0.41,0.375,0.0007
0.215,0.411,0.374,0.0008
0.215,0.412,0.373,0.0003
0.215,0.413,0.372,0.0003
0.215,0.414,0.371,0.0001
0.215,0.415,0.37,0.0001
0.215,0.418,0.367,0.0002
0.215,0.42,0.365,0.0003
0.215,0.422,0.363,0.0001
0.215,0.423,0.362,0.0001
0.215,0.425,0.36,0.0001
0.216,0.393,0.391,0.0004
0.216,0.394,0.39,0.0001
0.216,0.395,0.389,0.0003
0.216,0.396,0.388,0.0007
0.216,0.397,0.387,0.0003
0.216,0.398,0.386,0.0003
0.216,0.399,0.385,0.0002
0.216,0.4,0.384,0.0008
0.216,0.401,0.383,0.0003
0.216,0.402,0.382,0.0006
0.216,0.403,0.381,0.0004
0.216,0.404,0.38,0.0004
0.216,0.405,0.379,0.0001
0.216,0.406,0.378,0.0005
0.216,0.407,0.377,0.0001
0.216,0.408,0.376,0.0003
0.216,0.409,0.375,0.0004
0.216,0.41,0.374,0.0002
0.216,0.411,0.373,0.0003
0.216,0.412,0.372,0.0003
0.216,0.413,0.371,0.0002
0.216,0.414,0.37,0.0001
0.216,0.415,0.369,0.0001
0.216,0.416,0.368,0.0001
0.216,0.417,0.367,0.0002
0.216,0.418,0.366,0.0001
0.216,0.42,0.364,0.0002
0.216,0.421,0.363,0.0001
0.216,0.422,0.362,0.0001
0.216,0.425,0.359,0.0001
0.217,0.393,0.39,0.0002
0.217,0.394,0.389,0.0002
0.217,0.395,0.388,0.0001
0.217,0.396,0.387,0.0003
0.217,0.397,0.386,0.0006
0.217,0.398,0.385,0.0007
0.217,0.399,0.384,0.0002
0.217,0.4,0.383,0.0003
0.217,0.401,0.382,0.0005
0.217,0.402,0.381,0.0001
0.217,0.403,0.38,0.0002
0.217,0.404,0.379,0.0005
0.217,0.405,0.378,0.0005
0.217,0.406,0.377,0.0006
0.217,0.407,0.376,0.0007
0.217,0.408,0.375,0.0003
0.217,0.409,0.374,0.0004
0.217,0.41,0.373,0.0003
0.217,0.411,0.372,0.0004
0.217,0.412,0.371,0.0004
0.217,0.413,0.37,0.0002
0.217,0.414,0.369,0.0001
0.217,0.415,0.368,0.0001
0.217,0.416,0.367,0.0001
0.217,0.417,0.366,0.0002
0.217,0.418,0.365,0.0004
0.217,0.419,0.364,0.0002
0.217,0.42,0.363,0.0001
0.217,0.421,0.362,0.0001
0.217,0.426,0.357,0.0001
0.217,0.428,0.355,0.0001
0.218,0.389,0.393,0.0001
0.218,0.39,0.392,0.0001
0.218,0.393,0.389,0.0003
0.218,0.394,0.388,0.0004
0.218,0.395,0.387,0.0008
0.218,0.396,0.386,0.0015
0.218,0.397,0.385,0.0003
0.218,0.398,0.384,0.0009
0.218,0.399,0.383,0.0007
0.218,0.4,0.382,0.0003
0.218,0.401,0.381,0.0005
0.218,0.402,0.38,0.0003
0.218,0.403,0.379,0.0003
0.218,0.404,0.378,0.0001
0.218,0.405,0.377,0.0004
0.218,0.406,0.376,0.0005
0.218,0.407,0.375,0.0006
0.218,0.408,0.374,0.0007
0.218,0.409,0.373,0.0007
0.218,0.41,0.372,0.0001
0.218,0.412,0.37,0.0003
0.218,0.413,0.369,0.0002
0.218,0.414,0.368,0.0002
0.218,0.415,0.367,0.0001
0.218,0.416,0.366,0.0001
0.218,0.417,0.365,0.0001
0.218,0.419,0.363,0.0001
0.218,0.421,0.361,0.0001
0.219,0.39,0.391,0.0001
0.219,0.392,0.389,0.0007
0.219,0.393,0.388,0.0007
0.219,0.394,0.387,0.0003
0.219,0.395,0.386,0.0005
0.219,0.396,0.385,0.0006
0.219,0.397,0.384,0.0001
0.219,0.398,0.383,0.0005
0.219,0.399,0.382,0.0006
0.219,0.4,0.381,0.0001
0.219,0.401,0.38,0.0004
0.219,0.402,0.379,0.0005
0.219,0.403,0.378,0.0003
0.219,0.404,0.377,0.0003
0.219,0.405,0.376,0.0007
0.219,0.406,0.375,0.0005
0.219,0.407,0.374,0.0004
0.219,0.408,0.373,0.0002
0.219,0.409,0.372,0.0004
0.219,0.41,0.371,0.0002
0.219,0.411,0.37,0.0003
0.219,0.415,0.366,0.0001
0.219,0.417,0.364,0.0001
0.219,0.418,0.363,0.0001
0.219,0.419,0.362,0.0002
0.219,0.42,0.361,0.0001
0.219,0.421,0.36,0.0001
0.22,0.389,0.391,0.0004
0.22,0.39,0.39,0.0002
0.22,0.391,0.389,0.0003
0.22,0.392,0.388,0.0005
0.22,0.393,0.387,0.0003
0.22,0.394,0.386,0.0008
0.22,0.395,0.385,0.0005
0.22,0.396,0.384,0.0006
0.22,0.397,0.383,0.0006
0.22,0.398,0.382,0.0002
0.22,0.399,0.381,0.0005
0.22,0.4,0.38,0.0003
0.22,0.401,0.379,0.0004
0.22,0.402,0.378,0.0004
0.22,0.403,0.377,0.0002
0.22,0.404,0.376,0.0002
0.22,0.405,0.375,0.0003
0.22,0.406,0.374,0.0006
0.22,0.407,0.373,0.0005
0.22,0.408,0.372,0.0003
0.22,0.409,0.371,0.0005
0.22,0.41,0.37,0.0004
0.22,0.411,0.369,0.0002
0.22,0.412,0.368,0.0001
0.22,0.414,0.366,0.0001
0.22,0.415,0.365,0.0002
0.22,0.416,0.364,0.0002
0.22,0.417,0.363,0.0002
0.22,0.42,0.36,0.0001
0.221,0.387,0.392,0.0002
0.221,0.389,0.39,0.0002
0.221,0.39,0.389,0.0004
0.221,0.391,0.388,0.0003
0.221,0.392,0.387,0.0014
0.221,0.393,0.386,0.0009
0.221,0.394,0.385,0.0009
0.221,0.395,0.384,0.0008
0.221,0.396,0.383,0.0004
0.221,0.397,0.382,0.0007
0.221,0.398,0.381,0.0004
0.221,0.399,0.38,0.0003
0.221,0.4,0.379,0.0001
0.221,0.401,0.378,0.0002
0.221,0.402,0.377,0.0003
0.221,0.404,0.375,0.0003
0.221,0.405,0.374,0.0002
0.221,0.406,0.373,0.0005
0.221,0.407,0.372,0.0002
0.221,0.408,0.371,0.0002
0.221,0.409,0.37,0.0003
0.221,0.411,0.368,0.0001
0.221,0.412,0.367,0.0002
0.221,0.414,0.365,0.0005
0.222,0.388,0.39,0.0005
0.222,0.389,0.389,0.0002
0.222,0.39,0.388,0.0003
0.222,0.391,0.387,0.0005
0.222,0.392,0.386,0.0004
0.222,0.393,0.385,0.0006
0.222,0.394,0.384,0.0004
0.222,0.395,0.383,0.0002
0.222,0.396,0.382,0.0001
0.222,0.397,0.381,0.0008
0.222,0.398,0.38,0.0002
0.222,0.399,0.379,0.0005
0.222,0.4,0.378,0.0002
0.222,0.401,0.377,0.0002
0.222,0.402,0.376,0.0002
0.222,0.403,0.375,0.0002
0.222,0.404,0.374,0.0002
0.222,0.405,0.373,0.0003
0.222,0.406,0.372,0.0004
0.222,0.407,0.371,0.0002
0.222,0.408,0.37,0.0001
0.222,0.409,0.369,0.0002
0.222,0.411,0.367,0.0002
0.222,0.414,0.364,0.0002
0.222,0.421,0.357,0.0001
0.223,0.386,0.391,0.0001
0.223,0.387,0.39,0.0002
0.223,0.388,0.389,0.0003
0.223,0.389,0.388,0.0003
0.223,0.39,0.387,0.0007
0.223,0.391,0.386,0.0002
0.223,0.392,0.385,0.0011
0.223,0.393,0.384,0.0004
0.223,0.394,0.383,0.0004
0.223,0.395,0.382,0.0007
0.223,0.396,0.381,0.0002
0.223,0.397,0.38,0.0005
0.223,0.398,0.379,0.0006
0.223,0.399,0.378,0.0002
0.223,0.4,0.377,0.0002
0.223,0.401,0.376,0.0006
0.223,0.402,0.375,0.0002
0.223,0.403,0.374,0.0004
0.223,0.404,0.373,0.0005
0.223,0.405,0.372,0.0003
0.223,0.406,0.371,0.0004
0.223,0.407,0.37,0.0004
0.223,0.408,0.369,0.0002
0.223,0.409,0.368,0.0003
0.223,0.41,0.367,0.0004
0.223,0.412,0.365,0.0001
0.223,0.413,0.364,0.0001
0.223,0.415,0.362,0.0002
0.224,0.386,0.39,0.0001
0.224,0.387,0.389,0.0003
0.224,0.388,0.388,0.0006
0.224,0.389,0.387,0.0007
0.224,0.39,0.386,0.0004
0.224,0.391,0.385,0.0008
0.224,0.392,0.384,0.0004
0.224,0.393,0.383,0.0003
0.224,0.394,0.382,0.0002
0.224,0.395,0.381,0.0003
0.224,0.396,0.38,0.0002
0.224,0.397,0.379,0.0003
0.224,0.398,0.378,0.0002
0.224,0.399,0.377,0.0002
0.224,0.4,0.376,0.0005
0.224,0.401,0.375,0.0005
0.224,0.402,0.374,0.0009
0.224,0.403,0.373,0.0004
0.224,0.404,0.372,0.0006
0.224,0.405,0.371,0.0004
0.224,0.406,0.37,0.0006
0.224,0.407,0.369,0.0004
0.224,0.408,0.368,0.0005
0.224,0.409,0.367,0.0001
0.224,0.412,0.364,0.0001
0.225,0.383,0.392,0.0001
0.225,0.384,0.391,0.0002
0.225,0.385,0.39,0.0001
0.225,0.386,0.389,0.0003
0.225,0.387,0.388,0.0004
0.225,0.388,0.387,0.0005
0.225,0.389,0.386,0.0004
0.225,0.39,0.385,0.0006
0.225,0.391,0.384,0.0003
0.225,0.392,0.383,0.0003
0.225,0.393,0.382,0.0002
0.225,0.394,0.381,0.0002
0.225,0.395,0.38,0.0001
0.225,0.396,0.379,0.0003
0.225,0.397,0.378,0.0005
0.225,0.398,0.377,0.0003
0.225,0.399,0.376,0.0001
0.225,0.4,0.375,0.0003
0.225,0.401,0.374,0.0006
0.225,0.402,0.373,0.0002
0.225,0.403,0.372,0.0005
0.225,0.404,0.371,0.0002
0.225,0.405,0.37,0.0002
0.225,0.406,0.369,0.0002
0.225,0.407,0.368,0.0002
0.225,0.409,0.366,0.0001
0.225,0.411,0.364,0.0001
0.225,0.412,0.363,0.0001
0.225,0.414,0.361,0.0001
0.226,0.382,0.392,0.0001
0.226,0.384,0.39,0.0005
0.226,0.385,0.389,0.0006
0.226,0.386,0.388,0.0006
0.226,0.387,0.387,0.001
0.226,0.388,0.386,0.0008
0.226,0.389,0.385,0.0008
0.226,0.39,0.384,0.0004
0.226,0.391,0.383,0.0005
0.226,0.392,0.382,0.0004
0.226,0.393,0.381,0.0006
0.226,0.394,0.38,0.0004
0.226,0.395,0.379,0.0003
0.226,0.396,0.378,0.0001
0.226,0.397,0.377,0.0002
0.226,0.398,0.376,0.0004
0.226,0.399,0.375,0.0002
0.226,0.4,0.374,0.0002
0.226,0.401,0.373,0.0008
0.226,0.402,0.372,0.0002
0.226,0.403,0.371,0.0002
0.226,0.404,0.37,0.0005
0.226,0.405,0.369,0.0002
0.226,0.407,0.367,0.0004
0.226,0.408,0.366,0.0001
0.226,0.409,0.365,0.0002
0.227,0.382,0.391,0.0003
0.227,0.384,0.389,0.0005
0.227,0.385,0.388,0.0004
0.227,0.386,0.387,0.0007
0.227,0.387,0.386,0.0004
0.227,0.388,0.385,0.0007
0.227,0.389,0.384,0.001
0.227,0.39,0.383,0.0005
0.227,0.391,0.382,0.0001
0.227,0.392,0.381,0.0005
0.227,0.393,0.38,0.0003
0.227,0.394,0.379,0.0003
0.227,0.395,0.378,0.0003
0.227,0.396,0.377,0.0003
0.227,0.397,0.376,0.0004
0.227,0.398,0.375,0.0004
0.227,0.399,0.374,0.0003
0.227,0.4,0.373,0.0001
0.227,0.401,0.372,0.0005
0.227,0.402,0.371,0.0002
0.227,0.403,0.37,0.0003
0.227,0.404,0.369,0.0004
0.227,0.405,0.368,0.0002
0.227,0.406,0.367,0.0001
0.227,0.407,0.366,0.0001
0.228,0.379,0.393,0.0001
0.228,0.381,0.391,0.0002
0.228,0.383,0.389,0.0001
0.228,0.384,0.388,0.0005
0.228,0.385,0.387,0.0004
0.228,0.386,0.386,0.0004
0.228,0.387,0.385,0.0002
0.228,0.388,0.384,0.001
0.228,0.389,0.383,0.0004
0.228,0.39,0.382,0.0004
0.228,0.391,0.381,0.0003
0.228,0.392,0.38,0.0003
0.228,0.393,0.379,0.0001
0.228,0.394,0.378,0.0003
0.228,0.395,0.377,0.0004
0.228,0.396,0.376,0.0001
0.228,0.397,0.375,0.0001
0.228,0.398,0.374,0.0005
0.228,0.399,0.373,0.0004
0.228,0.4,0.372,0.0002
0.228,0.401,0.371,0.0003
0.228,0.402,0.37,0.0002
0.228,0.403,0.369,0.0004
0.228,0.404,0.368,0.0002
0.228,0.405,0.367,0.0003
0.228,0.406,0.366,0.0001
0.228,0.407,0.365,0.0001
0.228,0.409,0.363,0.0001
0.229,0.38,0.391,0.0002
0.229,0.381,0.39,0.0002
0.229,0.382,0.389,0.0001
0.229,0.383,0.388,0.0004
0.229,0.384,0.387,0.0002
0.229,0.385,0.386,0.0005
0.229,0.386,0.385,0.0004
0.229,0.387,0.384,0.0011
0.229,0.388,0.383,0.0002
0.229,0.389,0.382,0.0003
0.229,0.39,0.381,0.0004
0.229,0.391,0.38,0.0004
0.229,0.392,0.379,0.0002
0.229,0.393,0.378,0.0004
0.229,0.394,0.377,0.0005
0.229,0.395,0.376,0.0002
0.229,0.396,0.375,0.0004
0.229,0.397,0.374,0.0005
0.229,0.398,0.373,0.0003
0.229,0.399,0.372,0.0003
0.229,0.4,0.371,0.0001
0.229,0.401,0.37,0.0004
0.229,0.402,0.369,0.0003
0.229,0.403,0.368,0.0003
0.229,0.404,0.367,0.0001
0.229,0.405,0.366,0.0001
0.229,0.406,0.365,0.0002
0.229,0.407,0.364,0.0001
0.23,0.377,0.393,0.0001
0.23,0.38,0.39,0.0002
0.23,0.381,0.389,0.0005
0.23,0.382,0.388,0.0005
0.23,0.383,0.387,0.0002
0.23,0.384,0.386,0.0007
0.23,0.385,0.385,0.0007
0.23,0.386,0.384,0.0008
0.23,0.387,0.383,0.0002
0.23,0.388,0.382,0.0004
0.23,0.389,0.381,0.0005
0.23,0.39,0.38,0.0007
0.23,0.391,0.379,0.0002
0.23,0.392,0.378,0.0002
0.23,0.393,0.377,0.0005
0.23,0.394,0.376,0.0004
0.23,0.395,0.375,0.0004
0.23,0.396,0.374,0.0002
0.23,0.397,0.373,0.0001
0.23,0.398,0.372,0.0004
0.23,0.399,0.371,0.0005
0.23,0.4,0.37,0.0001
0.23,0.401,0.369,0.0001
0.23,0.402,0.368,0.0005
0.23,0.403,0.367,0.0002
0.23,0.404,0.366,0.0002
0.23,0.405,0.365,0.0001
0.231,0.379,0.39,0.0001
0.231,0.38,0.389,0.0007
0.231,0.381,0.388,0.0005
0.231,0.382,0.387,0.0006
0.231,0.383,0.386,0.0003
0.231,0.384,0.385,0.0002
0.231,0.385,0.384,0.001
0.231,0.386,0.383,0.0007
0.231,0.387,0.382,0.0004
0.231,0.388,0.381,0.0002
0.231,0.389,0.38,0.0002
0.231,0.39,0.379,0.0004
0.231,0.391,0.378,0.0002
0.231,0.392,0.377,0.0005
0.231,0.393,0.376,0.0001
0.231,0.394,0.375,0.0005
0.231,0.395,0.374,0.0004
0.231,0.396,0.373,0.0001
0.231,0.397,0.372,0.0002
0.231,0.398,0.371,0.0001
0.231,0.4,0.369,0.0002
0.231,0.401,0.368,0.0001
0.231,0.402,0.367,0.0002
0.231,0.403,0.366,0.0002
0.231,0.409,0.36,0.0001
0.231,0.41,0.359,0.0001
0.231,0.412,0.357,0.0001
0.232,0.377,0.391,0.0002
0.232,0.379,0.389,0.0004
0.232,0.38,0.388,0.0006
0.232,0.381,0.387,0.0005
0.232,0.382,0.386,0.0003
0.232,0.383,0.385,0.0008
0.232,0.384,0.384,0.0006
0.232,0.385,0.383,0.0003
0.232,0.386,0.382,0.0002
0.232,0.387,0.381,0.0002
0.232,0.388,0.38,0.0003
0.232,0.389,0.379,0.0002
0.232,0.39,0.378,0.0006
0.232,0.391,0.377,0.0004
0.232,0.392,0.376,0.0003
0.232,0.393,0.375,0.0003
0.232,0.394,0.374,0.0002
0.232,0.395,0.373,0.0002
0.232,0.396,0.372,0.0002
0.232,0.397,0.371,0.0004
0.232,0.398,0.37,0.0001
0.232,0.399,0.369,0.0001
0.232,0.401,0.367,0.0004
0.232,0.402,0.366,0.0002
0.232,0.406,0.362,0.0001
0.232,0.407,0.361,0.0001
0.232,0.409,0.359,0.0001
0.233,0.377,0.39,0.0001
0.233,0.378,0.389,0.0003
0.233,0.379,0.388,0.0005
0.233,0.38,0.387,0.0006
0.233,0.381,0.386,0.0006
0.233,0.382,0.385,0.0006
0.233,0.383,0.384,0.0002
0.233,0.384,0.383,0.0005
0.233,0.385,0.382,0.0005
0.233,0.386,0.381,0.0002
0.233,0.387,0.38,0.0004
0.233,0.388,0.379,0.0006
0.233,0.389,0.378,0.0004
0.233,0.39,0.377,0.0003
0.233,0.391,0.376,0.0002
0.233,0.392,0.375,0.0004
0.233,0.393,0.374,0.0002
0.233,0.394,0.373,0.0001
0.233,0.395,0.372,0.0003
0.233,0.396,0.371,0.0002
0.233,0.397,0.37,0.0002
0.233,0.4,0.367,0.0001
0.233,0.401,0.366,0.0002
0.234,0.376,0.39,0.0001
0.234,0.377,0.389,0.0003
0.234,0.378,0.388,0.0005
0.234,0.379,0.387,0.0005
0.234,0.38,0.386,0.0005
0.234,0.381,0.385,0.0003
0.234,0.382,0.384,0.0006
0.234,0.383,0.383,0.0003
0.234,0.384,0.382,0.0005
0.234,0.385,0.381,0.0005
0.234,0.386,0.38,0.0004
0.234,0.387,0.379,0.0006
0.234,0.388,0.378,0.0005
0.234,0.389,0.377,0.0003
0.234,0.39,0.376,0.0003
0.234,0.391,0.375,0.0002
0.234,0.392,0.374,0.0008
0.234,0.393,0.373,0.0001
0.234,0.395,0.371,0.0001
0.234,0.397,0.369,0.0002
0.234,0.398,0.368,0.0002
0.234,0.402,0.364,0.0001
0.235,0.375,0.39,0.0001
0.235,0.376,0.389,0.0001
0.235,0.377,0.388,0.0006
0.235,0.378,0.387,0.0005
0.235,0.379,0.386,0.0005
0.235,0.38,0.385,0.0006
0.235,0.381,0.384,0.0006
0.235,0.382,0.383,0.0005
0.235,0.383,0.382,0.0004
0.235,0.384,0.381,0.0003
0.235,0.385,0.38,0.0005
0.235,0.386,0.379,0.0001
0.235,0.387,0.378,0.0002
0.235,0.388,0.377,0.0004
0.235,0.389,0.376,0.0005
0.235,0.39,0.375,0.0001
0.235,0.391,0.374,0.0004
0.235,0.392,0.373,0.0002
0.235,0.394,0.371,0.0001
0.235,0.395,0.37,0.0002
0.235,0.396,0.369,0.0001
0.235,0.397,0.368,0.0001
0.235,0.4,0.365,0.0001
0.235,0.403,0.362,0.0001
0.236,0.374,0.39,0.0001
0.236,0.375,0.389,0.0001
0.236,0.376,0.388,0.0002
0.236,0.377,0.387,0.0008
0.236,0.378,0.386,0.0007
0.236,0.379,0.385,0.0008
0.236,0.38,0.384,0.0003
0.236,0.381,0.383,0.001
0.236,0.382,0.382,0.0009
0.236,0.383,0.381,0.0005
0.236,0.384,0.38,0.0006
0.236,0.385,0.379,0.0003
0.236,0.386,0.378,0.0006
0.236,0.387,0.377,0.0002
0.236,0.388,0.376,0.0003
0.236,0.389,0.375,0.0003
0.236,0.39,0.374,0.0001
0.236,0.391,0.373,0.0001
0.236,0.392,0.372,0.0003
0.236,0.393,0.371,0.0003
0.236,0.394,0.37,0.0001
0.236,0.395,0.369,0.0001
0.236,0.398,0.366,0.0001
0.236,0.403,0.361,0.0001
0.237,0.373,0.39,0.0001
0.237,0.374,0.389,0.0002
0.237,0.375,0.388,0.0003
0.237,0.376,0.387,0.0005
0.237,0.377,0.386,0.0005
0.237,0.378,0.385,0.0007
0.237,0.379,0.384,0.0003
0.237,0.38,0.383,0.001
0.237,0.381,0.382,0.0007
0.237,0.382,0.381,0.0002
0.237,0.383,0.38,0.0004
0.237,0.384,0.379,0.0006
0.237,0.385,0.378,0.0002
0.237,0.386,0.377,0.0002
0.237,0.387,0.376,0.0001
0.237,0.388,0.375,0.0002
0.237,0.39,0.373,0.0002
0.237,0.392,0.371,0.0001
0.237,0.393,0.37,0.0001
0.237,0.394,0.369,0.0001
0.237,0.395,0.368,0.0002
0.237,0.399,0.364,0.0001
0.237,0.4,0.363,0.0002
0.238,0.372,0.39,0.0001
0.238,0.374,0.388,0.0001
0.238,0.375,0.387,0.001
0.238,0.376,0.386,0.0005
0.238,0.377,0.385,0.0007
0.238,0.378,0.384,0.0004
0.238,0.379,0.383,0.0004
0.238,0.38,0.382,0.0002
0.238,0.381,0.381,0.0004
0.238,0.382,0.38,0.0004
0.238,0.383,0.379,0.0006
0.238,0.384,0.378,0.0005
0.238,0.385,0.377,0.0004
0.238,0.386,0.376,0.0006
0.238,0.387,0.375,0.0003
0.238,0.388,0.374,0.0002
0.238,0.389,0.373,0.0003
0.238,0.39,0.372,0.0004
0.238,0.393,0.369,0.0002
0.238,0.397,0.365,0.0001
0.238,0.398,0.364,0.0001
0.238,0.399,0.363,0.0002
0.238,0.402,0.36,0.0001
0.238,0.404,0.358,0.0001
0.238,0.406,0.356,0.0001
0.238,0.409,0.353,0.0001
0.239,0.372,0.389,0.0001
0.239,0.373,0.388,0.0002
0.239,0.374,0.387,0.0005
0.239,0.375,0.386,0.0011
0.239,0.376,0.385,0.0005
0.239,0.377,0.384,0.0006
0.239,0.378,0.383,0.0003
0.239,0.379,0.382,0.0006
0.239,0.38,0.381,0.0004
0.239,0.381,0.38,0.0001
0.239,0.382,0.379,0.0004
0.239,0.383,0.378,0.0003
0.239,0.384,0.377,0.0002
0.239,0.385,0.376,0.0005
0.239,0.386,0.375,0.0002
0.239,0.387,0.374,0.0001
0.239,0.388,0.373,0.0001
0.239,0.389,0.372,0.0001
0.239,0.39,0.371,0.0003
0.239,0.392,0.369,0.0001
0.239,0.393,0.368,0.0002
0.239,0.394,0.367,0.0001
0.239,0.395,0.366,0.0002
0.239,0.4,0.361,0.0001
0.239,0.403,0.358,0.0001
0.24,0.37,0.39,0.0001
0.24,0.371,0.389,0.0001
0.24,0.372,0.388,0.0001
0.24,0.373,0.387,0.0006
0.24,0.374,0.386,0.0003
0.24,0.375,0.385,0.0004
0.24,0.376,0.384,0.0009
0.24,0.377,0.383,0.0008
0.24,0.378,0.382,0.0001
0.24,0.379,0.381,0.0005
0.24,0.38,0.38,0.0008
0.24,0.381,0.379,0.0008
0.24,0.382,0.378,0.0002
0.24,0.383,0.377,0.0005
0.24,0.384,0.376,0.0003
0.24,0.385,0.375,0.0001
0.24,0.386,0.374,0.0002
0.24,0.387,0.373,0.0002
0.24,0.388,0.372,0.0001
0.24,0.389,0.371,0.0001
0.24,0.391,0.369,0.0001
0.24,0.396,0.364,0.0001
0.24,0.399,0.361,0.0001
0.24,0.4,0.36,0.0001
0.24,0.403,0.357,0.0001
0.24,0.407,0.353,0.0001
0.241,0.37,0.389,0.0003
0.241,0.371,0.388,0.0003
0.241,0.373,0.386,0.0011
0.241,0.374,0.385,0.0001
0.241,0.375,0.384,0.0007
0.241,0.376,0.383,0.0005
0.241,0.377,0.382,0.0004
0.241,0.378,0.381,0.0006
0.241,0.379,0.38,0.0003
0.241,0.38,0.379,0.0001
0.241,0.381,0.378,0.0004
0.241,0.382,0.377,0.0002
0.241,0.383,0.376,0.0003
0.241,0.384,0.375,0.0002
0.241,0.385,0.374,0.0002
0.241,0.386,0.373,0.0001
0.241,0.387,0.372,0.0002
0.241,0.391,0.368,0.0001
0.241,0.393,0.366,0.0001
0.241,0.4,0.359,0.0001
0.241,0.401,0.358,0.0001
0.241,0.402,0.357,0.0001
0.242,0.37,0.388,0.0001
0.242,0.371,0.387,0.0004
0.242,0.372,0.386,0.0006
0.242,0.373,0.385,0.0006
0.242,0.374,0.384,0.0009
0.242,0.375,0.383,0.0002
0.242,0.376,0.382,0.0005
0.242,0.377,0.381,0.0003
0.242,0.378,0.38,0.0003
0.242,0.379,0.379,0.0012
0.242,0.38,0.378,0.0005
0.242,0.382,0.376,0.0003
0.242,0.383,0.375,0.0001
0.242,0.384,0.374,0.0002
0.242,0.385,0.373,0.0003
0.242,0.387,0.371,0.0002
0.242,0.389,0.369,0.0001
0.242,0.392,0.366,0.0001
0.242,0.394,0.364,0.0001
0.242,0.413,0.345,0.0001
0.243,0.368,0.389,0.0001
0.243,0.369,0.388,0.0001
0.243,0.37,0.387,0.0005
0.243,0.371,0.386,0.0006
0.243,0.372,0.385,0.0002
0.243,0.373,0.384,0.0003
0.243,0.374,0.383,0.0008
0.243,0.375,0.382,0.0005
0.243,0.376,0.381,0.0007
0.243,0.377,0.38,0.0006
0.243,0.378,0.379,0.0002
0.243,0.379,0.378,0.0002
0.243,0.38,0.377,0.0003
0.243,0.381,0.376,0.0002
0.243,0.382,0.375,0.0002
0.243,0.384,0.373,0.0001
0.243,0.385,0.372,0.0001
0.243,0.388,0.369,0.0001
0.243,0.389,0.368,0.0001
0.243,0.392,0.365,0.0002
0.244,0.366,0.39,0.0001
0.244,0.369,0.387,0.0004
0.244,0.37,0.386,0.0013
0.244,0.371,0.385,0.0002
0.244,0.372,0.384,0.0004
0.244,0.373,0.383,0.0009
0.244,0.374,0.382,0.0005
0.244,0.376,0.38,0.0003
0.244,0.377,0.379,0.0006
0.244,0.378,0.378,0.0002
0.244,0.379,0.377,0.0001
0.244,0.38,0.376,0.0003
0.244,0.381,0.375,0.0001
0.244,0.382,0.374,0.0004
0.244,0.385,0.371,0.0001
0.244,0.386,0.37,0.0001
0.244,0.393,0.363,0.0001
0.244,0.395,0.361,0.0001
0.245,0.367,0.388,0.0001
0.245,0.368,0.387,0.0005
0.245,0.369,0.386,0.0002
0.245,0.37,0.385,0.0001
0.245,0.371,0.384,0.001
0.245,0.372,0.383,0.0003
0.245,0.373,0.382,0.0007
0.245,0.374,0.381,0.001
0.245,0.375,0.38,0.0008
0.245,0.376,0.379,0.0003
0.245,0.377,0.378,0.0001
0.245,0.378,0.377,0.0004
0.245,0.379,0.376,0.0003
0.245,0.38,0.375,0.0001
0.245,0.381,0.374,0.0001
0.245,0.383,0.372,0.0001
0.245,0.384,0.371,0.0002
0.245,0.39,0.365,0.0001
0.245,0.398,0.357,0.0001
0.246,0.366,0.388,0.0001
0.246,0.367,0.387,0.0002
0.246,0.368,0.386,0.0003
0.246,0.369,0.385,0.0006
0.246,0.37,0.384,0.0008
0.246,0.371,0.383,0.0004
0.246,0.372,0.382,0.0001
0.246,0.373,0.381,0.0006
0.246,0.374,0.38,0.0006
0.246,0.375,0.379,0.0004
0.246,0.376,0.378,0.0001
0.246,0.377,0.377,0.0003
0.246,0.378,0.376,0.0003
0.246,0.379,0.375,0.0003
0.246,0.381,0.373,0.0003
0.246,0.382,0.372,0.0001
0.246,0.392,0.362,0.0001
0.246,0.394,0.36,0.0001
0.246,0.395,0.359,0.0002
0.246,0.401,0.353,0.0001
0.247,0.366,0.387,0.0004
0.247,0.367,0.386,0.0005
0.247,0.368,0.385,0.0004
0.247,0.369,0.384,0.0006
0.247,0.37,0.383,0.0013
0.247,0.371,0.382,0.001
0.247,0.372,0.381,0.0005
0.247,0.373,0.38,0.0003
0.247,0.374,0.379,0.0006
0.247,0.375,0.378,0.0001
0.247,0.376,0.377,0.0002
0.247,0.377,0.376,0.0003
0.247,0.378,0.375,0.0001
0.247,0.379,0.374,0.0002
0.247,0.38,0.373,0.0001
0.247,0.381,0.372,0.0002
0.247,0.383,0.37,0.0001
0.247,0.384,0.369,0.0001
0.247,0.385,0.368,0.0001
0.247,0.389,0.364,0.0001
0.247,0.39,0.363,0.0001
0.247,0.391,0.362,0.0001
0.247,0.394,0.359,0.0001
0.247,0.398,0.355,0.0001
0.247,0.401,0.352,0.0001
0.248,0.365,0.387,0.0004
0.248,0.366,0.386,0.0005
0.248,0.367,0.385,0.0012
0.248,0.368,0.384,0.0013
0.248,0.369,0.383,0.0006
0.248,0.37,0.382,0.0006
0.248,0.371,0.381,0.0006
0.248,0.372,0.38,0.0005
0.248,0.373,0.379,0.0002
0.248,0.374,0.378,0.0007
0.248,0.375,0.377,0.0001
0.248,0.376,0.376,0.0001
0.248,0.378,0.374,0.0001
0.248,0.391,0.361,0.0002
0.248,0.393,0.359,0.0001
0.248,0.399,0.353,0.0001
0.249,0.365,0.386,0.0003
0.249,0.366,0.385,0.0003
0.249,0.367,0.384,0.0008
0.249,0.368,0.383,0.0004
0.249,0.369,0.382,0.0003
0.249,0.37,0.381,0.0005
0.249,0.371,0.38,0.0003
0.249,0.372,0.379,0.0003
0.249,0.373,0.378,0.0002
0.249,0.374,0.377,0.0004
0.249,0.375,0.376,0.0001
0.249,0.376,0.375,0.0001
0.249,0.377,0.374,0.0001
0.249,0.378,0.373,0.0002
0.249,0.381,0.37,0.0001
0.249,0.388,0.363,0.0001
0.249,0.39,0.361,0.0001
0.25,0.363,0.387,0.0002
0.25,0.364,0.386,0.0005
0.25,0.365,0.385,0.0004
0.25,0.366,0.384,0.0006
0.25,0.367,0.383,0.0007
0.25,0.368,0.382,0.0009
0.25,0.369,0.381,0.0008
0.25,0.37,0.38,0.001
0.25,0.371,0.379,0.0002
0.25,0.372,0.378,0.0005
0.25,0.373,0.377,0.0001
0.25,0.374,0.376,0.0001
0.25,0.375,0.375,0.0003
0.25,0.376,0.374,0.0001
0.25,0.38,0.37,0.0002
0.25,0.382,0.368,0.0001
0.25,0.398,0.352,0.0001
0.251,0.362,0.387,0.0001
0.251,0.364,0.385,0.0006
0.251,0.365,0.384,0.0011
0.251,0.366,0.383,0.0009
0.251,0.367,0.382,0.0008
0.251,0.368,0.381,0.0007
0.251,0.369,0.38,0.0004
0.251,0.37,0.379,0.0007
0.251,0.371,0.378,0.0005
0.251,0.372,0.377,0.0004
0.251,0.373,0.376,0.0002
0.251,0.374,0.375,0.0001
0.251,0.375,0.374,0.0002
0.251,0.382,0.367,0.0001
0.251,0.383,0.366,0.0001
0.251,0.385,0.364,0.0001
0.251,0.389,0.36,0.0001
0.251,0.39,0.359,0.0001
0.252,0.362,0.386,0.0004
0.252,0.363,0.385,0.0003
0.252,0.364,0.384,0.0012
0.252,0.365,0.383,0.001
0.252,0.366,0.382,0.0008
0.252,0.367,0.381,0.0006
0.252,0.368,0.38,0.0005
0.252,0.369,0.379,0.0008
0.252,0.37,0.378,0.0004
0.252,0.371,0.377,0.0003
0.252,0.372,0.376,0.0003
0.252,0.373,0.375,0.0001
0.252,0.374,0.374,0.0001
0.252,0.378,0.37,0.0001
0.252,0.389,0.359,0.0001
0.252,0.39,0.358,0.0001
0.252,0.394,0.354,0.0001
0.252,0.4,0.348,0.0001
0.252,0.404,0.344,0.0001
0.253,0.361,0.386,0.0001
0.253,0.362,0.385,0.0005
0.253,0.363,0.384,0.0009
0.253,0.364,0.383,0.0007
0.253,0.365,0.382,0.0007
0.253,0.366,0.381,0.0006
0.253,0.367,0.38,0.0007
0.253,0.368,0.379,0.0002
0.253,0.369,0.378,0.0007
0.253,0.37,0.377,0.0001
0.253,0.371,0.376,0.0003
0.253,0.372,0.375,0.0002
0.253,0.373,0.374,0.0001
0.253,0.385,0.362,0.0001
0.253,0.398,0.349,0.0001
0.254,0.36,0.386,0.0001
0.254,0.361,0.385,0.0004
0.254,0.362,0.384,0.0005
0.254,0.363,0.383,0.0011
0.254,0.364,0.382,0.0007
0.254,0.365,0.381,0.0005
0.254,0.366,0.38,0.0003
0.254,0.367,0.379,0.0003
0.254,0.368,0.378,0.0007
0.254,0.369,0.377,0.0002
0.254,0.37,0.376,0.0002
0.254,0.371,0.375,0.0001
0.254,0.372,0.374,0.0001
0.254,0.373,0.373,0.0001
0.254,0.374,0.372,0.0002
0.254,0.378,0.368,0.0001
0.254,0.379,0.367,0.0001
0.254,0.399,0.347,0.0001
0.255,0.36,0.385,0.0003
0.255,0.361,0.384,0.0005
0.255,0.362,0.383,0.0011
0.255,0.363,0.382,0.0012
0.255,0.364,0.381,0.0005
0.255,0.365,0.38,0.0006
0.255,0.366,0.379,0.0003
0.255,0.367,0.378,0.0003
0.255,0.369,0.376,0.0001
0.255,0.37,0.375,0.0001
0.255,0.372,0.373,0.0001
0.255,0.377,0.368,0.0001
0.255,0.382,0.363,0.0001
0.255,0.4,0.345,0.0001
0.256,0.358,0.386,0.0001
0.256,0.36,0.384,0.0004
0.256,0.361,0.383,0.0007
0.256,0.362,0.382,0.0002
0.256,0.363,0.381,0.0006
0.256,0.364,0.38,0.0004
0.256,0.365,0.379,0.0002
0.256,0.367,0.377,0.0001
0.256,0.368,0.376,0.0002
0.256,0.373,0.371,0.0001
0.256,0.382,0.362,0.0001
0.256,0.383,0.361,0.0001
0.256,0.386,0.358,0.0001
0.256,0.393,0.351,0.0001
0.257,0.358,0.385,0.0002
0.257,0.359,0.384,0.0005
0.257,0.36,0.383,0.0005
0.257,0.361,0.382,0.0003
0.257,0.362,0.381,0.0009
0.257,0.363,0.38,0.0006
0.257,0.364,0.379,0.0002
0.257,0.365,0.378,0.0004
0.257,0.368,0.375,0.0001
0.257,0.369,0.374,0.0001
0.257,0.374,0.369,0.0001
0.257,0.379,0.364,0.0001
0.257,0.391,0.352,0.0001
0.257,0.398,0.345,0.0001
0.258,0.358,0.384,0.0003
0.258,0.359,0.383,0.0012
0.258,0.36,0.382,0.0013
0.258,0.361,0.381,0.001
0.258,0.362,0.38,0.0005
0.258,0.363,0.379,0.0005
0.258,0.364,0.378,0.0003
0.258,0.365,0.377,0.0001
0.258,0.37,0.372,0.0001
0.258,0.374,0.368,0.0001
0.258,0.378,0.364,0.0002
0.258,0.379,0.363,0.0001
0.258,0.39,0.352,0.0001
0.259,0.357,0.384,0.0002
0.259,0.358,0.383,0.0007
0.259,0.359,0.382,0.0005
0.259,0.36,0.381,0.001
0.259,0.361,0.38,0.0006
0.259,0.362,0.379,0.0001
0.259,0.363,0.378,0.0003
0.259,0.365,0.376,0.0001
0.259,0.366,0.375,0.0001
0.259,0.367,0.374,0.0001
0.259,0.37,0.371,0.0001
0.259,0.373,0.368,0.0001
0.259,0.374,0.367,0.0001
0.259,0.376,0.365,0.0001
0.259,0.382,0.359,0.0001
0.259,0.384,0.357,0.0001
0.26,0.357,0.383,0.0003
0.26,0.358,0.382,0.0009
0.26,0.359,0.381,0.0007
0.26,0.36,0.38,0.0005
0.26,0.361,0.379,0.0006
0.26,0.362,0.378,0.0003
0.26,0.363,0.377,0.0004
0.26,0.364,0.376,0.0003
0.26,0.365,0.375,0.0001
0.26,0.366,0.374,0.0001
0.26,0.372,0.368,0.0001
0.261,0.356,0.383,0.0002
0.261,0.357,0.382,0.0006
0.261,0.358,0.381,0.0008
0.261,0.359,0.38,0.0008
0.261,0.36,0.379,0.0006
0.261,0.361,0.378,0.0002
0.261,0.362,0.377,0.0002
0.261,0.373,0.366,0.0001
0.261,0.383,0.356,0.0001
0.261,0.392,0.347,0.0001
0.262,0.355,0.383,0.0002
0.262,0.356,0.382,0.0003
0.262,0.357,0.381,0.0009
0.262,0.358,0.38,0.0006
0.262,0.359,0.379,0.0006
0.262,0.36,0.378,0.0002
0.262,0.361,0.377,0.0004
0.262,0.362,0.376,0.0001
0.262,0.363,0.375,0.0002
0.262,0.364,0.374,0.0001
0.262,0.371,0.367,0.0001
0.262,0.385,0.353,0.0001
0.263,0.355,0.382,0.0004
0.263,0.356,0.381,0.0005
0.263,0.357,0.38,0.0002
0.263,0.358,0.379,0.0009
0.263,0.359,0.378,0.0005
0.263,0.36,0.377,0.0003
0.263,0.361,0.376,0.0002
0.263,0.362,0.375,0.0002
0.263,0.392,0.345,0.0001
0.263,0.394,0.343,0.0001
0.264,0.353,0.383,0.0001
0.264,0.354,0.382,0.0001
0.264,0.355,0.381,0.0005
0.264,0.356,0.38,0.0009
0.264,0.357,0.379,0.0004
0.264,0.358,0.378,0.0005
0.264,0.359,0.377,0.0004
0.264,0.362,0.374,0.0001
0.264,0.367,0.369,0.0001
0.264,0.369,0.367,0.0001
0.264,0.377,0.359,0.0001
0.264,0.385,0.351,0.0001
0.265,0.354,0.381,0.0002
0.265,0.355,0.38,0.0009
0.265,0.356,0.379,0.0005
0.265,0.357,0.378,0.0003
0.265,0.358,0.377,0.0003
0.265,0.359,0.376,0.0001
0.265,0.362,0.373,0.0001
0.265,0.364,0.371,0.0001
0.266,0.353,0.381,0.0004
0.266,0.354,0.38,0.0007
0.266,0.355,0.379,0.0002
0.266,0.356,0.378,0.0005
0.266,0.357,0.377,0.0002
0.266,0.358,0.376,0.0003
0.266,0.375,0.359,0.0001
0.266,0.391,0.343,0.0001
0.267,0.352,0.381,0.0002
0.267,0.353,0.38,0.0005
0.267,0.354,0.379,0.001
0.267,0.355,0.378,0.0002
0.267,0.356,0.377,0.0001
0.267,0.357,0.376,0.0004
0.267,0.358,0.375,0.0002
0.267,0.361,0.372,0.0002
0.267,0.365,0.368,0.0001
0.267,0.366,0.367,0.0001
0.267,0.369,0.364,0.0001
0.267,0.389,0.344,0.0001
0.268,0.351,0.381,0.0001
0.268,0.353,0.379,0.0012
0.268,0.354,0.378,0.0007
0.268,0.355,0.377,0.0006
0.268,0.356,0.376,0.0003
0.268,0.357,0.375,0.0001
0.268,0.359,0.373,0.0001
0.268,0.39,0.342,0.0001
0.269,0.351,0.38,0.0001
0.269,0.352,0.379,0.0006
0.269,0.353,0.378,0.0007
0.269,0.354,0.377,0.0005
0.269,0.356,0.375,0.0002
0.269,0.362,0.369,0.0001
0.269,0.368,0.363,0.0001
0.269,0.371,0.36,0.0001
0.27,0.35,0.38,0.0001
0.27,0.351,0.379,0.0004
0.27,0.352,0.378,0.0007
0.27,0.353,0.377,0.0006
0.27,0.354,0.376,0.0003
0.27,0.355,0.375,0.0001
0.27,0.357,0.373,0.0001
0.27,0.363,0.367,0.0001
0.27,0.388,0.342,0.0001
0.271,0.35,0.379,0.0001
0.271,0.351,0.378,0.0007
0.271,0.352,0.377,0.0007
0.271,0.353,0.376,0.0002
0.271,0.354,0.375,0.0001
0.271,0.355,0.374,0.0001
0.271,0.367,0.362,0.0001
0.271,0.381,0.348,0.0001
0.272,0.35,0.378,0.0001
0.272,0.351,0.377,0.001
0.272,0.352,0.376,0.0007
0.272,0.353,0.375,0.0003
0.272,0.354,0.374,0.0003
0.272,0.356,0.372,0.0001
0.272,0.365,0.363,0.0001
0.272,0.369,0.359,0.0002
0.273,0.35,0.377,0.0005
0.273,0.351,0.376,0.0003
0.273,0.352,0.375,0.0003
0.273,0.354,0.373,0.0001
0.273,0.355,0.372,0.0002
0.273,0.357,0.37,0.0002
0.273,0.358,0.369,0.0001
0.273,0.359,0.368,0.0001
0.273,0.368,0.359,0.0001
0.273,0.369,0.358,0.0001
0.273,0.381,0.346,0.0001
0.273,0.392,0.335,0.0001
0.274,0.349,0.377,0.0002
0.274,0.35,0.376,0.0007
0.274,0.351,0.375,0.0006
0.274,0.352,0.374,0.0001
0.274,0.353,0.373,0.0001
0.274,0.355,0.371,0.0001
0.274,0.361,0.365,0.0001
0.274,0.387,0.339,0.0001
0.275,0.348,0.377,0.0001
0.275,0.349,0.376,0.0007
0.275,0.35,0.375,0.0001
0.275,0.351,0.374,0.0002
0.275,0.352,0.373,0.0001
0.275,0.354,0.371,0.0001
0.275,0.355,0.37,0.0001
0.275,0.363,0.362,0.0001
0.276,0.348,0.376,0.0008
0.276,0.349,0.375,0.0002
0.276,0.35,0.374,0.0004
0.276,0.351,0.373,0.0001
0.276,0.352,0.372,0.0001
0.276,0.353,0.371,0.0001
0.276,0.354,0.37,0.0001
0.276,0.356,0.368,0.0001
0.276,0.362,0.362,0.0001
0.276,0.397,0.327,0.0001
0.277,0.348,0.375,0.0006
0.277,0.349,0.374,0.0002
0.277,0.35,0.373,0.0002
0.277,0.351,0.372,0.0001
0.277,0.358,0.365,0.0001
0.278,0.347,0.375,0.0003
0.278,0.348,0.374,0.0002
0.278,0.351,0.371,0.0001
0.278,0.352,0.37,0.0001
0.278,0.355,0.367,0.0001
0.278,0.386,0.336,0.0001
0.279,0.347,0.374,0.0009
0.279,0.348,0.373,0.0004
0.279,0.349,0.372,0.0001
0.279,0.35,0.371,0.0001
0.279,0.351,0.37,0.0001
0.279,0.354,0.367,0.0002
0.279,0.356,0.365,0.0001
0.279,0.371,0.35,0.0001
0.28,0.346,0.374,0.0003
0.28,0.347,0.373,0.0001
0.28,0.348,0.372,0.0001
0.281,0.346,0.373,0.0004
0.281,0.348,0.371,0.0001
0.281,0.349,0.37,0.0001
0.281,0.371,0.348,0.0001
0.282,0.345,0.373,0.0003
0.282,0.347,0.371,0.0002
0.282,0.351,0.367,0.0001
0.283,0.346,0.371,0.0004
0.283,0.35,0.367,0.0001
0.284,0.345,0.371,0.0006
0.284,0.347,0.369,0.0002
0.285,0.344,0.371,0.0001
0.285,0.35,0.365,0.0001
0.286,0.345,0.369,0.0002
0.287,0.343,0.37,0.0001
0.287,0.344,0.369,0.0002
0.287,0.346,0.367,0.0001
0.288,0.343,0.369,0.0002
0.289,0.343,0.368,0.0003
0.29,0.342,0.368,0.0001
0.29,0.343,0.367,0.0001
0.29,0.345,0.365,0.0001
0.291,0.343,0.366,0.0001
0.291,0.354,0.355,0.0001
0.292,0.342,0.366,0.0001
0.292,0.345,0.363,0.0001
0.293,0.341,0.366,0.0002
0.293,0.342,0.365,0.0002
0.294,0.341,0.365,0.0003
0.294,0.343,0.363,0.0001
0.295,0.341,0.364,0.0001
0.295,0.342,0.363,0.0001
0.295,0.343,0.362,0.0001
0.296,0.341,0.363,0.0002
0.296,0.359,0.345,0.0001
0.297,0.346,0.357,0.0001
0.298,0.34,0.362,0.0002
0.298,0.341,0.361,0.0002
0.299,0.34,0.361,0.0001
0.299,0.343,0.358,0.0001
0.3,0.34,0.36,0.0001
0.3,0.342,0.358,0.0003
0.301,0.34,0.359,0.0001
0.302,0.343,0.355,0.0001
0.303,0.34,0.357,0.0001
0.303,0.343,0.354,0.0001
0.305,0.338,0.357,0.0001
0.307,0.341,0.352,0.0001
0.307,0.343,0.35,0.0001
0.309,0.337,0.354,0.0001
0.31,0.341,0.349,0.0001
0.31,0.359,0.331,0.0001
0.312,0.345,0.343,0.0001
0.314,0.344,0.342,0.0001
