0.402,0.268,0.33,0.0001
0.404,0.27,0.326,0.0001
0.406,0.268,0.326,0.0001
0.407,0.268,0.325,0.0001
0.408,0.267,0.325,0.0002
0.409,0.269,0.322,0.0001
0.409,0.271,0.32,0.0001
0.41,0.265,0.325,0.0001
0.41,0.266,0.324,0.0001
0.41,0.267,0.323,0.0001
0.411,0.265,0.324,0.0001
0.411,0.266,0.323,0.0001
0.412,0.264,0.324,0.0001
0.412,0.265,0.323,0.0002
0.412,0.267,0.321,0.0001
0.413,0.264,0.323,0.0002
0.413,0.266,0.321,0.0003
0.413,0.275,0.312,0.0001
0.414,0.263,0.323,0.0001
0.414,0.264,0.322,0.0001
0.414,0.265,0.321,0.0002
0.414,0.266,0.32,0.0003
0.414,0.267,0.319,0.0002
0.414,0.268,0.318,0.0001
0.414,0.269,0.317,0.0003
0.414,0.271,0.315,0.0001
0.415,0.263,0.322,0.0002
0.415,0.264,0.321,0.0001
0.415,0.265,0.32,0.0004
0.415,0.267,0.318,0.0002
0.415,0.268,0.317,0.0001
0.415,0.27,0.315,0.0001
0.415,0.272,0.313,0.0001
0.416,0.263,0.321,0.0001
0.416,0.264,0.32,0.0001
0.416,0.265,0.319,0.0003
0.416,0.266,0.318,0.0003
0.416,0.267,0.317,0.0001
0.416,0.268,0.316,0.0001
0.416,0.269,0.315,0.0004
0.416,0.27,0.314,0.0001
0.416,0.271,0.313,0.0001
0.416,0.272,0.312,0.0001
0.416,0.274,0.31,0.0001
0.416,0.275,0.309,0.0001
0.416,0.283,0.301,0.0001
0.417,0.262,0.321,0.0003
0.417,0.263,0.32,0.0001
0.417,0.264,0.319,0.0001
0.417,0.265,0.318,0.0006
0.417,0.266,0.317,0.0002
0.417,0.267,0.316,0.0004
0.417,0.268,0.315,0.0001
0.417,0.27,0.313,0.0003
0.417,0.271,0.312,0.0001
0.417,0.272,0.311,0.0001
0.417,0.273,0.31,0.0001
0.418,0.262,0.32,0.0001
0.418,0.264,0.318,0.0003
0.418,0.265,0.317,0.0006
0.418,0.266,0.316,0.0006
0.418,0.267,0.315,0.0002
0.418,0.268,0.314,0.0003
0.418,0.269,0.313,0.0005
0.418,0.27,0.312,0.0002
0.418,0.271,0.311,0.0001
0.418,0.272,0.31,0.0002
0.418,0.273,0.309,0.0001
0.418,0.274,0.308,0.0002
0.418,0.275,0.307,0.0001
0.418,0.277,0.305,0.0001
0.419,0.261,0.32,0.0001
0.419,0.262,0.319,0.0002
0.419,0.263,0.318,0.0002
0.419,0.264,0.317,0.0005
0.419,0.266,0.315,0.0002
0.419,0.267,0.314,0.0004
0.419,0.268,0.313,0.0001
0.419,0.269,0.312,0.0004
0.419,0.27,0.311,0.0002
0.419,0.271,0.31,0.0001
0.419,0.273,0.308,0.0002
0.419,0.274,0.307,0.0001
0.419,0.275,0.306,0.0001
0.419,0.277,0.304,0.0001
0.419,0.282,0.299,0.0001
0.42,0.262,0.318,0.0002
0.42,0.263,0.317,0.0005
0.42,0.265,0.315,0.0002
0.42,0.266,0.314,0.0002
0.42,0.267,0.313,0.0004
0.42,0.268,0.312,0.0007
0.42,0.269,0.311,0.0003
0.42,0.27,0.31,0.0006
0.42,0.271,0.309,0.0004
0.42,0.272,0.308,0.0001
0.42,0.273,0.307,0.0003
0.42,0.274,0.306,0.0001
0.42,0.275,0.305,0.0001
0.42,0.276,0.304,0.0001
0.42,0.277,0.303,0.0001
0.42,0.278,0.302,0.0002
0.421,0.262,0.317,0.0001
0.421,0.263,0.316,0.0002
0.421,0.264,0.315,0.0003
0.421,0.265,0.314,0.0004
0.421,0.266,0.313,0.0004
0.421,0.267,0.312,0.0005
0.421,0.268,0.311,0.0003
0.421,0.269,0.31,0.0003
0.421,0.27,0.309,0.0002
0.421,0.271,0.308,0.0003
0.421,0.272,0.307,0.0007
0.421,0.274,0.305,0.0003
0.421,0.275,0.304,0.0002
0.421,0.276,0.303,0.0002
0.421,0.279,0.3,0.0002
0.421,0.287,0.292,0.0001
0.422,0.262,0.316,0.0003
0.422,0.263,0.315,0.0003
0.422,0.264,0.314,0.0005
0.422,0.265,0.313,0.0004
0.422,0.266,0.312,0.0007
0.422,0.267,0.311,0.0008
0.422,0.268,0.31,0.0008
0.422,0.269,0.309,0.0008
0.422,0.27,0.308,0.0007
0.422,0.271,0.307,0.0002
0.422,0.272,0.306,0.0004
0.422,0.273,0.305,0.0001
0.422,0.274,0.304,0.0002
0.422,0.276,0.302,0.0001
0.422,0.277,0.301,0.0001
0.422,0.28,0.298,0.0001
0.422,0.281,0.297,0.0001
0.422,0.284,0.294,0.0001
0.422,0.286,0.292,0.0001
0.423,0.26,0.317,0.0001
0.423,0.261,0.316,0.0001
0.423,0.262,0.315,0.0001
0.423,0.263,0.314,0.0001
0.423,0.264,0.313,0.0002
0.423,0.265,0.312,0.0004
0.423,0.266,0.311,0.0003
0.423,0.267,0.31,0.0007
0.423,0.268,0.309,0.0007
0.423,0.269,0.308,0.0009
0.423,0.27,0.307,0.0008
0.423,0.271,0.306,0.0007
0.423,0.272,0.305,0.0002
0.423,0.273,0.304,0.0002
0.423,0.274,0.303,0.0002
0.423,0.275,0.302,0.0002
0.423,0.277,0.3,0.0002
0.423,0.278,0.299,0.0002
0.423,0.279,0.298,0.0001
0.423,0.283,0.294,0.0001
0.423,0.286,0.291,0.0001
0.423,0.287,0.29,0.0001
0.423,0.288,0.289,0.0001
0.424,0.26,0.316,0.0001
0.424,0.261,0.315,0.0004
0.424,0.262,0.314,0.0001
0.424,0.263,0.313,0.0001
0.424,0.264,0.312,0.0002
0.424,0.265,0.311,0.0006
0.424,0.266,0.31,0.0005
0.424,0.267,0.309,0.0003
0.424,0.268,0.308,0.0006
0.424,0.269,0.307,0.0003
0.424,0.27,0.306,0.0001
0.424,0.271,0.305,0.0008
0.424,0.272,0.304,0.0004
0.424,0.273,0.303,0.0008
0.424,0.274,0.302,0.0004
0.424,0.275,0.301,0.0001
0.424,0.276,0.3,0.0001
0.424,0.277,0.299,0.0001
0.424,0.278,0.298,0.0003
0.424,0.28,0.296,0.0001
0.424,0.281,0.295,0.0001
0.424,0.282,0.294,0.0002
0.424,0.283,0.293,0.0001
0.424,0.284,0.292,0.0001
0.424,0.285,0.291,0.0001
0.424,0.286,0.29,0.0002
0.424,0.288,0.288,0.0001
0.425,0.259,0.316,0.0001
0.425,0.261,0.314,0.0003
0.425,0.262,0.313,0.0001
0.425,0.263,0.312,0.0004
0.425,0.264,0.311,0.0008
0.425,0.265,0.31,0.0004
0.425,0.266,0.309,0.0007
0.425,0.267,0.308,0.0008
0.425,0.268,0.307,0.0009
0.425,0.269,0.306,0.0011
0.425,0.27,0.305,0.0005
0.425,0.271,0.304,0.001
0.425,0.272,0.303,0.0009
0.425,0.273,0.302,0.0006
0.425,0.274,0.301,0.0004
0.425,0.275,0.3,0.0003
0.425,0.276,0.299,0.0004
0.425,0.277,0.298,0.0004
0.425,0.278,0.297,0.0001
0.425,0.279,0.296,0.0001
0.425,0.281,0.294,0.0002
0.425,0.286,0.289,0.0001
0.425,0.287,0.288,0.0001
0.426,0.26,0.314,0.0001
0.426,0.261,0.313,0.0002
0.426,0.263,0.311,0.0004
0.426,0.264,0.31,0.001
0.426,0.265,0.309,0.0002
0.426,0.266,0.308,0.0008
0.426,0.267,0.307,0.0006
0.426,0.268,0.306,0.001
0.426,0.269,0.305,0.0008
0.426,0.27,0.304,0.0005
0.426,0.271,0.303,0.0011
0.426,0.272,0.302,0.0009
0.426,0.273,0.301,0.0006
0.426,0.274,0.3,0.0006
0.426,0.275,0.299,0.0006
0.426,0.276,0.298,0.0004
0.426,0.277,0.297,0.0004
0.426,0.278,0.296,0.0002
0.426,0.279,0.295,0.0001
0.426,0.281,0.293,0.0001
0.426,0.282,0.292,0.0001
0.426,0.284,0.29,0.0003
0.426,0.285,0.289,0.0002
0.426,0.287,0.287,0.0001
0.427,0.259,0.314,0.0001
0.427,0.26,0.313,0.0003
0.427,0.261,0.312,0.0001
0.427,0.262,0.311,0.0001
0.427,0.263,0.31,0.0002
0.427,0.264,0.309,0.0005
0.427,0.265,0.308,0.0007
0.427,0.266,0.307,0.0007
0.427,0.267,0.306,0.0009
0.427,0.268,0.305,0.0002
0.427,0.269,0.304,0.0012
0.427,0.27,0.303,0.0008
0.427,0.271,0.302,0.0008
0.427,0.272,0.301,0.0012
0.427,0.273,0.3,0.0003
0.427,0.274,0.299,0.0005
0.427,0.275,0.298,0.0006
0.427,0.276,0.297,0.0001
0.427,0.277,0.296,0.0004
0.427,0.278,0.295,0.0006
0.427,0.279,0.294,0.0003
0.427,0.28,0.293,0.0002
0.427,0.282,0.291,0.0002
0.427,0.283,0.29,0.0001
0.427,0.284,0.289,0.0001
0.427,0.285,0.288,0.0004
0.427,0.286,0.287,0.0001
0.427,0.287,0.286,0.0001
0.428,0.259,0.313,0.0002
0.428,0.26,0.312,0.0002
0.428,0.261,0.311,0.0002
0.428,0.262,0.31,0.0001
0.428,0.263,0.309,0.0004
0.428,0.264,0.308,0.0006
0.428,0.265,0.307,0.0007
0.428,0.266,0.306,0.0008
0.428,0.267,0.305,0.0006
0.428,0.268,0.304,0.0011
0.428,0.269,0.303,0.0017
0.428,0.27,0.302,0.0008
0.428,0.271,0.301,0.0012
0.428,0.272,0.3,0.0012
0.428,0.273,0.299,0.0011
0.428,0.274,0.298,0.0004
0.428,0.275,0.297,0.0005
0.428,0.276,0.296,0.0004
0.428,0.277,0.295,0.0008
0.428,0.278,0.294,0.0001
0.428,0.279,0.293,0.0004
0.428,0.28,0.292,0.0002
0.428,0.281,0.291,0.0002
0.428,0.282,0.29,0.0001
0.428,0.284,0.288,0.0002
0.428,0.285,0.287,0.0002
0.428,0.286,0.286,0.0001
0.429,0.259,0.312,0.0001
0.429,0.261,0.31,0.0004
0.429,0.262,0.309,0.0004
0.429,0.263,0.308,0.0005
0.429,0.264,0.307,0.0004
0.429,0.265,0.306,0.0011
0.429,0.266,0.305,0.001
0.429,0.267,0.304,0.0009
0.429,0.268,0.303,0.0008
0.429,0.269,0.302,0.0011
0.429,0.27,0.301,0.0017
0.429,0.271,0.3,0.0012
0.429,0.272,0.299,0.0014
0.429,0.273,0.298,0.001
0.429,0.274,0.297,0.0011
0.429,0.275,0.296,0.0004
0.429,0.276,0.295,0.0002
0.429,0.277,0.294,0.0006
0.429,0.278,0.293,0.0004
0.429,0.279,0.292,0.0003
0.429,0.281,0.29,0.0002
0.429,0.282,0.289,0.0002
0.429,0.283,0.288,0.0002
0.429,0.284,0.287,0.0001
0.429,0.285,0.286,0.0002
0.429,0.286,0.285,0.0001
0.43,0.257,0.313,0.0001
0.43,0.26,0.31,0.0001
0.43,0.261,0.309,0.0003
0.43,0.262,0.308,0.0003
0.43,0.263,0.307,0.0003
0.43,0.264,0.306,0.0005
0.43,0.265,0.305,0.0006
0.43,0.266,0.304,0.0007
0.43,0.267,0.303,0.0007
0.43,0.268,0.302,0.0016
0.43,0.269,0.301,0.0016
0.43,0.27,0.3,0.0015
0.43,0.271,0.299,0.0017
0.43,0.272,0.298,0.001
0.43,0.273,0.297,0.0009
0.43,0.274,0.296,0.0008
0.43,0.275,0.295,0.0011
0.43,0.276,0.294,0.0006
0.43,0.277,0.293,0.0011
0.43,0.278,0.292,0.0005
0.43,0.279,0.291,0.0004
0.43,0.28,0.29,0.0007
0.43,0.281,0.289,0.0002
0.43,0.282,0.288,0.0003
0.43,0.283,0.287,0.0004
0.43,0.284,0.286,0.0003
0.43,0.285,0.285,0.0004
0.43,0.287,0.283,0.0002
0.43,0.288,0.282,0.0001
0.431,0.262,0.307,0.0001
0.431,0.263,0.306,0.0005
0.431,0.264,0.305,0.0005
0.431,0.265,0.304,0.0007
0.431,0.266,0.303,0.0008
0.431,0.267,0.302,0.0006
0.431,0.268,0.301,0.0015
0.431,0.269,0.3,0.0007
0.431,0.27,0.299,0.0017
0.431,0.271,0.298,0.001
0.431,0.272,0.297,0.0006
0.431,0.273,0.296,0.0011
0.431,0.274,0.295,0.0013
0.431,0.275,0.294,0.001
0.431,0.276,0.293,0.0005
0.431,0.277,0.292,0.0006
0.431,0.278,0.291,0.0004
0.431,0.279,0.29,0.001
0.431,0.28,0.289,0.0002
0.431,0.281,0.288,0.0004
0.431,0.282,0.287,0.0003
0.431,0.283,0.286,0.0002
0.431,0.284,0.285,0.0002
0.431,0.285,0.284,0.0002
0.431,0.286,0.283,0.0001
0.431,0.287,0.282,0.0001
0.431,0.288,0.281,0.0004
0.432,0.258,0.31,0.0001
0.432,0.261,0.307,0.0002
0.432,0.262,0.306,0.0006
0.432,0.263,0.305,0.0003
0.432,0.264,0.304,0.0001
0.432,0.265,0.303,0.0003
0.432,0.266,0.302,0.0016
0.432,0.267,0.301,0.0011
0.432,0.268,0.3,0.0008
0.432,0.269,0.299,0.0011
0.432,0.27,0.298,0.001
0.432,0.271,0.297,0.0016
0.432,0.272,0.296,0.0006
0.432,0.273,0.295,0.002
0.432,0.274,0.294,0.0009
0.432,0.275,0.293,0.0012
0.432,0.276,0.292,0.0006
0.432,0.277,0.291,0.0004
0.432,0.278,0.29,0.0009
0.432,0.279,0.289,0.0005
0.432,0.28,0.288,0.0011
0.432,0.281,0.287,0.0005
0.432,0.282,0.286,0.0006
0.432,0.283,0.285,0.0004
0.432,0.284,0.284,0.0002
0.432,0.285,0.283,0.0002
0.432,0.286,0.282,0.0005
0.432,0.287,0.281,0.0003
0.432,0.288,0.28,0.0001
0.432,0.289,0.279,0.0001
0.433,0.259,0.308,0.0003
0.433,0.261,0.306,0.0001
0.433,0.262,0.305,0.0001
0.433,0.263,0.304,0.0003
0.433,0.265,0.302,0.0006
0.433,0.266,0.301,0.0006
0.433,0.267,0.3,0.0011
0.433,0.268,0.299,0.0007
0.433,0.269,0.298,0.0009
0.433,0.27,0.297,0.0009
0.433,0.271,0.296,0.0016
0.433,0.272,0.295,0.0011
0.433,0.273,0.294,0.0015
0.433,0.274,0.293,0.0017
0.433,0.275,0.292,0.001
0.433,0.276,0.291,0.0012
0.433,0.277,0.29,0.0011
0.433,0.278,0.289,0.001
0.433,0.279,0.288,0.001
0.433,0.28,0.287,0.0006
0.433,0.281,0.286,0.0006
0.433,0.282,0.285,0.0005
0.433,0.283,0.284,0.0004
0.433,0.284,0.283,0.0004
0.433,0.285,0.282,0.0005
0.433,0.286,0.281,0.0004
0.433,0.287,0.28,0.0001
0.433,0.288,0.279,0.0003
0.433,0.289,0.278,0.0001
0.434,0.258,0.308,0.0001
0.434,0.262,0.304,0.0003
0.434,0.263,0.303,0.0004
0.434,0.264,0.302,0.0005
0.434,0.265,0.301,0.0006
0.434,0.266,0.3,0.0007
0.434,0.267,0.299,0.0009
0.434,0.268,0.298,0.0001
0.434,0.269,0.297,0.002
0.434,0.27,0.296,0.0015
0.434,0.271,0.295,0.0008
0.434,0.272,0.294,0.0013
0.434,0.273,0.293,0.0011
0.434,0.274,0.292,0.0013
0.434,0.275,0.291,0.0012
0.434,0.276,0.29,0.0009
0.434,0.277,0.289,0.0015
0.434,0.278,0.288,0.0013
0.434,0.279,0.287,0.0008
0.434,0.28,0.286,0.0008
0.434,0.281,0.285,0.0008
0.434,0.282,0.284,0.0014
0.434,0.283,0.283,0.0007
0.434,0.284,0.282,0.0008
0.434,0.285,0.281,0.0006
0.434,0.286,0.28,0.0007
0.434,0.287,0.279,0.0002
0.434,0.289,0.277,0.0001
0.434,0.29,0.276,0.0001
0.434,0.291,0.275,0.0002
0.435,0.258,0.307,0.0001
0.435,0.259,0.306,0.0001
0.435,0.26,0.305,0.0001
0.435,0.261,0.304,0.0001
0.435,0.262,0.303,0.0001
0.435,0.263,0.302,0.0004
0.435,0.264,0.301,0.0001
0.435,0.265,0.3,0.0001
0.435,0.266,0.299,0.0003
0.435,0.267,0.298,0.001
0.435,0.268,0.297,0.0012
0.435,0.269,0.296,0.0015
0.435,0.27,0.295,0.0014
0.435,0.271,0.294,0.0012
0.435,0.272,0.293,0.0008
0.435,0.273,0.292,0.0016
0.435,0.274,0.291,0.0008
0.435,0.275,0.29,0.0014
0.435,0.276,0.289,0.0016
0.435,0.277,0.288,0.0013
0.435,0.278,0.287,0.0012
0.435,0.279,0.286,0.0019
0.435,0.28,0.285,0.0008
0.435,0.281,0.284,0.0005
0.435,0.282,0.283,0.0009
0.435,0.283,0.282,0.0007
0.435,0.284,0.281,0.0008
0.435,0.285,0.28,0.0004
0.435,0.286,0.279,0.0004
0.435,0.287,0.278,0.0004
0.435,0.288,0.277,0.0001
0.435,0.289,0.276,0.0004
0.435,0.29,0.275,0.0002
0.435,0.291,0.274,0.0002
0.435,0.292,0.273,0.0003
0.436,0.261,0.303,0.0002
0.436,0.262,0.302,0.0002
0.436,0.263,0.301,0.0001
0.436,0.264,0.3,0.0005
0.436,0.265,0.299,0.0005
0.436,0.266,0.298,0.0005
0.436,0.267,0.297,0.0008
0.436,0.268,0.296,0.0004
0.436,0.269,0.295,0.0008
0.436,0.27,0.294,0.0013
0.436,0.271,0.293,0.0011
0.436,0.272,0.292,0.0007
0.436,0.273,0.291,0.0014
0.436,0.274,0.29,0.0017
0.436,0.275,0.289,0.0016
0.436,0.276,0.288,0.0012
0.436,0.277,0.287,0.0012
0.436,0.278,0.286,0.0012
0.436,0.279,0.285,0.0013
0.436,0.28,0.284,0.0016
0.436,0.281,0.283,0.0009
0.436,0.282,0.282,0.0014
0.436,0.283,0.281,0.0008
0.436,0.284,0.28,0.001
0.436,0.285,0.279,0.0008
0.436,0.286,0.278,0.0007
0.436,0.287,0.277,0.0006
0.436,0.288,0.276,0.0002
0.436,0.289,0.275,0.0001
0.436,0.291,0.273,0.0001
0.436,0.292,0.272,0.0001
0.437,0.259,0.304,0.0001
0.437,0.26,0.303,0.0001
0.437,0.261,0.302,0.0003
0.437,0.262,0.301,0.0001
0.437,0.263,0.3,0.0002
0.437,0.264,0.299,0.0005
0.437,0.265,0.298,0.0002
0.437,0.266,0.297,0.0005
0.437,0.267,0.296,0.0005
0.437,0.268,0.295,0.0011
0.437,0.269,0.294,0.0005
0.437,0.27,0.293,0.001
0.437,0.271,0.292,0.0008
0.437,0.272,0.291,0.0015
0.437,0.273,0.29,0.0011
0.437,0.274,0.289,0.0006
0.437,0.275,0.288,0.0014
0.437,0.276,0.287,0.0011
0.437,0.277,0.286,0.0009
0.437,0.278,0.285,0.0019
0.437,0.279,0.284,0.0019
0.437,0.28,0.283,0.0013
0.437,0.281,0.282,0.0013
0.437,0.282,0.281,0.001
0.437,0.283,0.28,0.0011
0.437,0.284,0.279,0.0006
0.437,0.285,0.278,0.0007
0.437,0.286,0.277,0.0005
0.437,0.287,0.276,0.0002
0.437,0.288,0.275,0.0005
0.437,0.289,0.274,0.0002
0.437,0.29,0.273,0.0001
0.438,0.259,0.303,0.0002
0.438,0.262,0.3,0.0001
0.438,0.264,0.298,0.0003
0.438,0.265,0.297,0.0003
0.438,0.266,0.296,0.0001
0.438,0.267,0.295,0.0007
0.438,0.268,0.294,0.0007
0.438,0.269,0.293,0.0007
0.438,0.27,0.292,0.0011
0.438,0.271,0.291,0.0004
0.438,0.272,0.29,0.0014
0.438,0.273,0.289,0.001
0.438,0.274,0.288,0.0016
0.438,0.275,0.287,0.0014
0.438,0.276,0.286,0.001
0.438,0.277,0.285,0.0015
0.438,0.278,0.284,0.0018
0.438,0.279,0.283,0.0013
0.438,0.28,0.282,0.0019
0.438,0.281,0.281,0.0018
0.438,0.282,0.28,0.0015
0.438,0.283,0.279,0.001
0.438,0.284,0.278,0.0011
0.438,0.285,0.277,0.0009
0.438,0.286,0.276,0.001
0.438,0.287,0.275,0.0006
0.438,0.288,0.274,0.0006
0.438,0.289,0.273,0.0007
0.438,0.29,0.272,0.0002
0.438,0.291,0.271,0.0001
0.438,0.294,0.268,0.0002
0.438,0.297,0.265,0.0001
0.439,0.262,0.299,0.0001
0.439,0.263,0.298,0.0002
0.439,0.264,0.297,0.0001
0.439,0.265,0.296,0.0001
0.439,0.266,0.295,0.0001
0.439,0.267,0.294,0.0001
0.439,0.268,0.293,0.0005
0.439,0.269,0.292,0.001
0.439,0.27,0.291,0.001
0.439,0.271,0.29,0.0012
0.439,0.272,0.289,0.0013
0.439,0.273,0.288,0.0013
0.439,0.274,0.287,0.0014
0.439,0.275,0.286,0.0009
0.439,0.276,0.285,0.0019
0.439,0.277,0.284,0.0017
0.439,0.278,0.283,0.0013
0.439,0.279,0.282,0.0012
0.439,0.28,0.281,0.002
0.439,0.281,0.28,0.002
0.439,0.282,0.279,0.0011
0.439,0.283,0.278,0.0022
0.439,0.284,0.277,0.001
0.439,0.285,0.276,0.0015
0.439,0.286,0.275,0.0011
0.439,0.287,0.274,0.0007
0.439,0.288,0.273,0.0005
0.439,0.289,0.272,0.0003
0.439,0.29,0.271,0.0003
0.439,0.291,0.27,0.0002
0.439,0.292,0.269,0.0001
0.439,0.293,0.268,0.0001
0.439,0.295,0.266,0.0001
0.44,0.255,0.305,0.0001
0.44,0.263,0.297,0.0001
0.44,0.264,0.296,0.0002
0.44,0.265,0.295,0.0003
0.44,0.266,0.294,0.0001
0.44,0.267,0.293,0.0004
0.44,0.268,0.292,0.0003
0.44,0.269,0.291,0.0005
0.44,0.27,0.29,0.0003
0.44,0.271,0.289,0.0011
0.44,0.272,0.288,0.0012
0.44,0.273,0.287,0.0015
0.44,0.274,0.286,0.001
0.44,0.275,0.285,0.0011
0.44,0.276,0.284,0.0014
0.44,0.277,0.283,0.0016
0.44,0.278,0.282,0.0018
0.44,0.279,0.281,0.0024
0.44,0.28,0.28,0.002
0.44,0.281,0.279,0.001
0.44,0.282,0.278,0.0019
0.44,0.283,0.277,0.0009
0.44,0.284,0.276,0.0013
0.44,0.285,0.275,0.0016
0.44,0.286,0.274,0.001
0.44,0.287,0.273,0.0009
0.44,0.288,0.272,0.0005
0.44,0.289,0.271,0.0004
0.44,0.29,0.27,0.0004
0.44,0.291,0.269,0.0005
0.44,0.292,0.268,0.0002
0.44,0.293,0.267,0.0002
0.44,0.296,0.264,0.0001
0.441,0.257,0.302,0.0001
0.441,0.26,0.299,0.0001
0.441,0.261,0.298,0.0001
0.441,0.262,0.297,0.0001
0.441,0.264,0.295,0.0001
0.441,0.266,0.293,0.0003
0.441,0.267,0.292,0.0002
0.441,0.268,0.291,0.0006
0.441,0.269,0.29,0.0008
0.441,0.27,0.289,0.0005
0.441,0.271,0.288,0.0006
0.441,0.272,0.287,0.001
0.441,0.273,0.286,0.001
0.441,0.274,0.285,0.001
0.441,0.275,0.284,0.0019
0.441,0.276,0.283,0.0016
0.441,0.277,0.282,0.0014
0.441,0.278,0.281,0.001
0.441,0.279,0.28,0.0013
0.441,0.28,0.279,0.0014
0.441,0.281,0.278,0.0011
0.441,0.282,0.277,0.0015
0.441,0.283,0.276,0.0013
0.441,0.284,0.275,0.0018
0.441,0.285,0.274,0.0021
0.441,0.286,0.273,0.0011
0.441,0.287,0.272,0.0007
0.441,0.288,0.271,0.0005
0.441,0.289,0.27,0.0005
0.441,0.29,0.269,0.0004
0.441,0.291,0.268,0.0005
0.441,0.292,0.267,0.0003
0.441,0.295,0.264,0.0001
0.442,0.264,0.294,0.0001
0.442,0.265,0.293,0.0002
0.442,0.266,0.292,0.0002
0.442,0.267,0.291,0.0003
0.442,0.268,0.29,0.0003
0.442,0.269,0.289,0.0003
0.442,0.27,0.288,0.0006
0.442,0.271,0.287,0.0007
0.442,0.272,0.286,0.0008
0.442,0.273,0.285,0.0007
0.442,0.274,0.284,0.0008
0.442,0.275,0.283,0.0017
0.442,0.276,0.282,0.001
0.442,0.277,0.281,0.0011
0.442,0.278,0.28,0.0011
0.442,0.279,0.279,0.001
0.442,0.28,0.278,0.0014
0.442,0.281,0.277,0.0016
0.442,0.282,0.276,0.0013
0.442,0.283,0.275,0.0017
0.442,0.284,0.274,0.0012
0.442,0.285,0.273,0.0012
0.442,0.286,0.272,0.0008
0.442,0.287,0.271,0.0008
0.442,0.288,0.27,0.0011
0.442,0.289,0.269,0.0005
0.442,0.29,0.268,0.0008
0.442,0.291,0.267,0.0007
0.442,0.292,0.266,0.0003
0.442,0.293,0.265,0.0002
0.442,0.294,0.264,0.0001
0.442,0.295,0.263,0.0002
0.442,0.296,0.262,0.0001
0.442,0.298,0.26,0.0001
0.443,0.261,0.296,0.0002
0.443,0.264,0.293,0.0001
0.443,0.267,0.29,0.0002
0.443,0.268,0.289,0.0002
0.443,0.269,0.288,0.0001
0.443,0.27,0.287,0.0004
0.443,0.271,0.286,0.0006
0.443,0.272,0.285,0.0006
0.443,0.273,0.284,0.0006
0.443,0.274,0.283,0.0004
0.443,0.275,0.282,0.0007
0.443,0.276,0.281,0.0006
0.443,0.277,0.28,0.0012
0.443,0.278,0.279,0.0015
0.443,0.279,0.278,0.001
0.443,0.28,0.277,0.0013
0.443,0.281,0.276,0.0016
0.443,0.282,0.275,0.0012
0.443,0.283,0.274,0.0023
0.443,0.284,0.273,0.0018
0.443,0.285,0.272,0.0016
0.443,0.286,0.271,0.0009
0.443,0.287,0.27,0.0011
0.443,0.288,0.269,0.0011
0.443,0.289,0.268,0.0008
0.443,0.29,0.267,0.0005
0.443,0.291,0.266,0.0005
0.443,0.292,0.265,0.0003
0.443,0.293,0.264,0.0005
0.443,0.294,0.263,0.0001
0.443,0.295,0.262,0.0001
0.443,0.298,0.259,0.0001
0.443,0.299,0.258,0.0001
0.444,0.265,0.291,0.0002
0.444,0.266,0.29,0.0003
0.444,0.268,0.288,0.0004
0.444,0.269,0.287,0.0002
0.444,0.27,0.286,0.0002
0.444,0.271,0.285,0.0001
0.444,0.272,0.284,0.0005
0.444,0.273,0.283,0.0009
0.444,0.274,0.282,0.0004
0.444,0.275,0.281,0.0007
0.444,0.276,0.28,0.0004
0.444,0.277,0.279,0.0008
0.444,0.278,0.278,0.0007
0.444,0.279,0.277,0.001
0.444,0.28,0.276,0.0013
0.444,0.281,0.275,0.0014
0.444,0.282,0.274,0.0018
0.444,0.283,0.273,0.0017
0.444,0.284,0.272,0.0012
0.444,0.285,0.271,0.0019
0.444,0.286,0.27,0.0012
0.444,0.287,0.269,0.0016
0.444,0.288,0.268,0.001
0.444,0.289,0.267,0.0007
0.444,0.29,0.266,0.0006
0.444,0.291,0.265,0.0007
0.444,0.292,0.264,0.0005
0.444,0.293,0.263,0.0003
0.444,0.294,0.262,0.0002
0.444,0.295,0.261,0.0003
0.444,0.297,0.259,0.0001
0.444,0.302,0.254,0.0001
0.444,0.304,0.252,0.0001
0.445,0.263,0.292,0.0001
0.445,0.264,0.291,0.0001
0.445,0.266,0.289,0.0002
0.445,0.268,0.287,0.0005
0.445,0.269,0.286,0.0001
0.445,0.27,0.285,0.0002
0.445,0.271,0.284,0.0001
0.445,0.272,0.283,0.0004
0.445,0.273,0.282,0.0006
0.445,0.274,0.281,0.0004
0.445,0.275,0.28,0.0007
0.445,0.276,0.279,0.0003
0.445,0.277,0.278,0.0011
0.445,0.278,0.277,0.0012
0.445,0.279,0.276,0.0014
0.445,0.28,0.275,0.0013
0.445,0.281,0.274,0.0014
0.445,0.282,0.273,0.0014
0.445,0.283,0.272,0.0018
0.445,0.284,0.271,0.0014
0.445,0.285,0.27,0.0007
0.445,0.286,0.269,0.0018
0.445,0.287,0.268,0.0012
0.445,0.288,0.267,0.0009
0.445,0.289,0.266,0.0015
0.445,0.29,0.265,0.0007
0.445,0.291,0.264,0.0005
0.445,0.292,0.263,0.0007
0.445,0.293,0.262,0.0003
0.445,0.294,0.261,0.0003
0.445,0.295,0.26,0.0003
0.445,0.296,0.259,0.0004
0.445,0.297,0.258,0.0001
0.445,0.301,0.254,0.0001
0.446,0.264,0.29,0.0003
0.446,0.269,0.285,0.0002
0.446,0.27,0.284,0.0001
0.446,0.271,0.283,0.0004
0.446,0.272,0.282,0.0003
0.446,0.273,0.281,0.0005
0.446,0.274,0.28,0.0003
0.446,0.275,0.279,0.0009
0.446,0.276,0.278,0.0008
0.446,0.277,0.277,0.0011
0.446,0.278,0.276,0.0008
0.446,0.279,0.275,0.0005
0.446,0.28,0.274,0.0006
0.446,0.281,0.273,0.001
0.446,0.282,0.272,0.0014
0.446,0.283,0.271,0.0015
0.446,0.284,0.27,0.0012
0.446,0.285,0.269,0.0012
0.446,0.286,0.268,0.0014
0.446,0.287,0.267,0.0018
0.446,0.288,0.266,0.001
0.446,0.289,0.265,0.0007
0.446,0.29,0.264,0.0009
0.446,0.291,0.263,0.0008
0.446,0.292,0.262,0.0005
0.446,0.293,0.261,0.0001
0.446,0.294,0.26,0.0001
0.446,0.295,0.259,0.0001
0.446,0.296,0.258,0.0006
0.446,0.297,0.257,0.0001
0.446,0.298,0.256,0.0002
0.446,0.299,0.255,0.0001
0.446,0.3,0.254,0.0001
0.446,0.302,0.252,0.0001
0.447,0.263,0.29,0.0001
0.447,0.266,0.287,0.0001
0.447,0.267,0.286,0.0002
0.447,0.268,0.285,0.0001
0.447,0.269,0.284,0.0002
0.447,0.27,0.283,0.0001
0.447,0.271,0.282,0.0004
0.447,0.272,0.281,0.0002
0.447,0.273,0.28,0.0001
0.447,0.274,0.279,0.0001
0.447,0.275,0.278,0.0004
0.447,0.276,0.277,0.0005
0.447,0.277,0.276,0.0007
0.447,0.278,0.275,0.0006
0.447,0.279,0.274,0.0005
0.447,0.28,0.273,0.0012
0.447,0.281,0.272,0.0011
0.447,0.282,0.271,0.0011
0.447,0.283,0.27,0.0016
0.447,0.284,0.269,0.0013
0.447,0.285,0.268,0.0017
0.447,0.286,0.267,0.0012
0.447,0.287,0.266,0.0008
0.447,0.288,0.265,0.0016
0.447,0.289,0.264,0.001
0.447,0.29,0.263,0.001
0.447,0.291,0.262,0.0012
0.447,0.292,0.261,0.0009
0.447,0.293,0.26,0.0002
0.447,0.294,0.259,0.0004
0.447,0.295,0.258,0.0004
0.447,0.296,0.257,0.0002
0.447,0.298,0.255,0.0005
0.447,0.299,0.254,0.0004
0.447,0.3,0.253,0.0001
0.447,0.303,0.25,0.0001
0.447,0.307,0.246,0.0001
0.448,0.266,0.286,0.0001
0.448,0.267,0.285,0.0001
0.448,0.271,0.281,0.0005
0.448,0.272,0.28,0.0001
0.448,0.273,0.279,0.0006
0.448,0.274,0.278,0.0006
0.448,0.275,0.277,0.0005
0.448,0.276,0.276,0.0001
0.448,0.277,0.275,0.0004
0.448,0.278,0.274,0.0005
0.448,0.279,0.273,0.001
0.448,0.28,0.272,0.0012
0.448,0.281,0.271,0.0012
0.448,0.282,0.27,0.0011
0.448,0.283,0.269,0.0013
0.448,0.284,0.268,0.0007
0.448,0.285,0.267,0.002
0.448,0.286,0.266,0.0013
0.448,0.287,0.265,0.0013
0.448,0.288,0.264,0.0012
0.448,0.289,0.263,0.0009
0.448,0.29,0.262,0.0015
0.448,0.291,0.261,0.001
0.448,0.292,0.26,0.0003
0.448,0.293,0.259,0.0004
0.448,0.294,0.258,0.0004
0.448,0.295,0.257,0.0004
0.448,0.296,0.256,0.0001
0.448,0.297,0.255,0.0002
0.448,0.298,0.254,0.0001
0.448,0.299,0.253,0.0003
0.448,0.3,0.252,0.0001
0.448,0.301,0.251,0.0001
0.448,0.307,0.245,0.0001
0.449,0.267,0.284,0.0002
0.449,0.269,0.282,0.0001
0.449,0.27,0.281,0.0001
0.449,0.272,0.279,0.0001
0.449,0.273,0.278,0.0002
0.449,0.274,0.277,0.0005
0.449,0.275,0.276,0.0002
0.449,0.276,0.275,0.0004
0.449,0.277,0.274,0.0009
0.449,0.278,0.273,0.0005
0.449,0.279,0.272,0.0009
0.449,0.28,0.271,0.0011
0.449,0.281,0.27,0.001
0.449,0.282,0.269,0.0019
0.449,0.283,0.268,0.0012
0.449,0.284,0.267,0.0014
0.449,0.285,0.266,0.0008
0.449,0.286,0.265,0.001
0.449,0.287,0.264,0.0013
0.449,0.288,0.263,0.0018
0.449,0.289,0.262,0.0014
0.449,0.29,0.261,0.0011
0.449,0.291,0.26,0.0008
0.449,0.292,0.259,0.0011
0.449,0.293,0.258,0.0008
0.449,0.294,0.257,0.0006
0.449,0.295,0.256,0.0004
0.449,0.296,0.255,0.0002
0.449,0.298,0.253,0.0002
0.449,0.3,0.251,0.0003
0.449,0.301,0.25,0.0004
0.449,0.302,0.249,0.0001
0.449,0.303,0.248,0.0002
0.449,0.305,0.246,0.0001
0.449,0.309,0.242,0.0001
0.45,0.27,0.28,0.0001
0.45,0.273,0.277,0.0003
0.45,0.274,0.276,0.0001
0.45,0.275,0.275,0.0004
0.45,0.276,0.274,0.0002
0.45,0.277,0.273,0.0002
0.45,0.278,0.272,0.0004
0.45,0.279,0.271,0.0008
0.45,0.28,0.27,0.0004
0.45,0.281,0.269,0.0004
0.45,0.282,0.268,0.0011
0.45,0.283,0.267,0.0007
0.45,0.284,0.266,0.0008
0.45,0.285,0.265,0.0018
0.45,0.286,0.264,0.0015
0.45,0.287,0.263,0.0014
0.45,0.288,0.262,0.0015
0.45,0.289,0.261,0.0014
0.45,0.29,0.26,0.0012
0.45,0.291,0.259,0.001
0.45,0.292,0.258,0.0007
0.45,0.293,0.257,0.0006
0.45,0.294,0.256,0.0006
0.45,0.295,0.255,0.0002
0.45,0.296,0.254,0.0005
0.45,0.297,0.253,0.0004
0.45,0.298,0.252,0.0002
0.45,0.299,0.251,0.0006
0.45,0.301,0.249,0.0003
0.45,0.302,0.248,0.0002
0.45,0.311,0.239,0.0001
0.45,0.312,0.238,0.0001
0.451,0.268,0.281,0.0001
0.451,0.27,0.279,0.0001
0.451,0.272,0.277,0.0001
0.451,0.273,0.276,0.0001
0.451,0.274,0.275,0.0001
0.451,0.275,0.274,0.0002
0.451,0.276,0.273,0.0001
0.451,0.277,0.272,0.0003
0.451,0.278,0.271,0.0004
0.451,0.279,0.27,0.0003
0.451,0.28,0.269,0.0005
0.451,0.281,0.268,0.0013
0.451,0.282,0.267,0.0008
0.451,0.283,0.266,0.0009
0.451,0.284,0.265,0.0006
0.451,0.285,0.264,0.0016
0.451,0.286,0.263,0.0009
0.451,0.287,0.262,0.0008
0.451,0.288,0.261,0.0008
0.451,0.289,0.26,0.001
0.451,0.29,0.259,0.001
0.451,0.291,0.258,0.0011
0.451,0.292,0.257,0.0011
0.451,0.293,0.256,0.0006
0.451,0.294,0.255,0.0007
0.451,0.295,0.254,0.0007
0.451,0.296,0.253,0.0002
0.451,0.297,0.252,0.0004
0.451,0.298,0.251,0.0004
0.451,0.301,0.248,0.0001
0.451,0.302,0.247,0.0002
0.451,0.304,0.245,0.0002
0.451,0.305,0.244,0.0001
0.451,0.307,0.242,0.0001
0.451,0.309,0.24,0.0001
0.452,0.271,0.277,0.0001
0.452,0.273,0.275,0.0001
0.452,0.274,0.274,0.0001
0.452,0.275,0.273,0.0002
0.452,0.276,0.272,0.0002
0.452,0.278,0.27,0.0002
0.452,0.279,0.269,0.0007
0.452,0.28,0.268,0.0003
0.452,0.281,0.267,0.0005
0.452,0.282,0.266,0.0008
0.452,0.283,0.265,0.0013
0.452,0.284,0.264,0.0011
0.452,0.285,0.263,0.0009
0.452,0.286,0.262,0.0009
0.452,0.287,0.261,0.0014
0.452,0.288,0.26,0.0012
0.452,0.289,0.259,0.0009
0.452,0.29,0.258,0.0006
0.452,0.291,0.257,0.0006
0.452,0.292,0.256,0.001
0.452,0.293,0.255,0.0007
0.452,0.294,0.254,0.0005
0.452,0.295,0.253,0.0007
0.452,0.296,0.252,0.0004
0.452,0.297,0.251,0.0004
0.452,0.298,0.25,0.0002
0.452,0.299,0.249,0.0001
0.452,0.3,0.248,0.0001
0.452,0.301,0.247,0.0001
0.452,0.302,0.246,0.0001
0.452,0.303,0.245,0.0004
0.452,0.304,0.244,0.0001
0.452,0.308,0.24,0.0001
0.452,0.314,0.234,0.0001
0.453,0.273,0.274,0.0001
0.453,0.275,0.272,0.0002
0.453,0.276,0.271,0.0001
0.453,0.277,0.27,0.0002
0.453,0.278,0.269,0.0001
0.453,0.279,0.268,0.0005
0.453,0.28,0.267,0.0007
0.453,0.281,0.266,0.0001
0.453,0.282,0.265,0.0004
0.453,0.283,0.264,0.0005
0.453,0.284,0.263,0.0006
0.453,0.285,0.262,0.0006
0.453,0.286,0.261,0.0007
0.453,0.287,0.26,0.0007
0.453,0.288,0.259,0.0009
0.453,0.289,0.258,0.0006
0.453,0.29,0.257,0.0006
0.453,0.291,0.256,0.0011
0.453,0.292,0.255,0.0006
0.453,0.293,0.254,0.0008
0.453,0.294,0.253,0.0005
0.453,0.295,0.252,0.0005
0.453,0.296,0.251,0.0001
0.453,0.297,0.25,0.0004
0.453,0.298,0.249,0.0005
0.453,0.299,0.248,0.0001
0.453,0.3,0.247,0.0002
0.453,0.301,0.246,0.0002
0.453,0.303,0.244,0.0001
0.453,0.305,0.242,0.0001
0.453,0.306,0.241,0.0001
0.453,0.308,0.239,0.0001
0.454,0.271,0.275,0.0001
0.454,0.273,0.273,0.0001
0.454,0.275,0.271,0.0006
0.454,0.276,0.27,0.0001
0.454,0.277,0.269,0.0001
0.454,0.278,0.268,0.0003
0.454,0.279,0.267,0.0004
0.454,0.28,0.266,0.0003
0.454,0.281,0.265,0.0003
0.454,0.282,0.264,0.0004
0.454,0.283,0.263,0.0008
0.454,0.284,0.262,0.0003
0.454,0.285,0.261,0.0006
0.454,0.286,0.26,0.0008
0.454,0.287,0.259,0.0007
0.454,0.288,0.258,0.0011
0.454,0.289,0.257,0.0007
0.454,0.29,0.256,0.0006
0.454,0.291,0.255,0.0006
0.454,0.292,0.254,0.0008
0.454,0.293,0.253,0.0003
0.454,0.294,0.252,0.0006
0.454,0.295,0.251,0.0007
0.454,0.296,0.25,0.0003
0.454,0.297,0.249,0.0004
0.454,0.298,0.248,0.0005
0.454,0.299,0.247,0.0002
0.454,0.3,0.246,0.0003
0.454,0.301,0.245,0.0002
0.454,0.302,0.244,0.0001
0.454,0.303,0.243,0.0001
0.454,0.304,0.242,0.0002
0.454,0.305,0.241,0.0004
0.455,0.277,0.268,0.0001
0.455,0.279,0.266,0.0002
0.455,0.28,0.265,0.0001
0.455,0.281,0.264,0.0004
0.455,0.282,0.263,0.0005
0.455,0.283,0.262,0.0003
0.455,0.284,0.261,0.0004
0.455,0.285,0.26,0.0004
0.455,0.286,0.259,0.0007
0.455,0.287,0.258,0.001
0.455,0.288,0.257,0.0007
0.455,0.289,0.256,0.0006
0.455,0.29,0.255,0.0005
0.455,0.291,0.254,0.001
0.455,0.292,0.253,0.0006
0.455,0.293,0.252,0.0005
0.455,0.294,0.251,0.0006
0.455,0.295,0.25,0.001
0.455,0.296,0.249,0.0003
0.455,0.297,0.248,0.0002
0.455,0.298,0.247,0.0005
0.455,0.299,0.246,0.0003
0.455,0.3,0.245,0.0003
0.455,0.303,0.242,0.0001
0.455,0.305,0.24,0.0001
0.455,0.306,0.239,0.0001
0.455,0.309,0.236,0.0002
0.455,0.312,0.233,0.0001
0.455,0.321,0.224,0.0001
0.456,0.276,0.268,0.0001
0.456,0.277,0.267,0.0001
0.456,0.278,0.266,0.0001
0.456,0.279,0.265,0.0001
0.456,0.281,0.263,0.0003
0.456,0.282,0.262,0.0004
0.456,0.283,0.261,0.0001
0.456,0.284,0.26,0.0006
0.456,0.285,0.259,0.0003
0.456,0.286,0.258,0.0009
0.456,0.287,0.257,0.0006
0.456,0.288,0.256,0.0001
0.456,0.289,0.255,0.0007
0.456,0.29,0.254,0.0008
0.456,0.291,0.253,0.0006
0.456,0.292,0.252,0.001
0.456,0.293,0.251,0.0005
0.456,0.294,0.25,0.0005
0.456,0.295,0.249,0.0005
0.456,0.296,0.248,0.0006
0.456,0.297,0.247,0.0004
0.456,0.298,0.246,0.0001
0.456,0.299,0.245,0.0001
0.456,0.3,0.244,0.0001
0.456,0.301,0.243,0.0002
0.456,0.302,0.242,0.0003
0.456,0.303,0.241,0.0001
0.456,0.304,0.24,0.0002
0.456,0.305,0.239,0.0001
0.456,0.307,0.237,0.0003
0.457,0.276,0.267,0.0001
0.457,0.279,0.264,0.0004
0.457,0.28,0.263,0.0002
0.457,0.281,0.262,0.0001
0.457,0.282,0.261,0.0002
0.457,0.283,0.26,0.0001
0.457,0.284,0.259,0.0007
0.457,0.286,0.257,0.0001
0.457,0.287,0.256,0.0002
0.457,0.288,0.255,0.0011
0.457,0.289,0.254,0.0008
0.457,0.29,0.253,0.0006
0.457,0.291,0.252,0.0006
0.457,0.292,0.251,0.0007
0.457,0.293,0.25,0.0004
0.457,0.294,0.249,0.0005
0.457,0.295,0.248,0.0003
0.457,0.296,0.247,0.0002
0.457,0.297,0.246,0.0006
0.457,0.299,0.244,0.0003
0.457,0.3,0.243,0.0002
0.457,0.301,0.242,0.0002
0.457,0.302,0.241,0.0001
0.457,0.303,0.24,0.0003
0.457,0.305,0.238,0.0001
0.457,0.306,0.237,0.0002
0.457,0.31,0.233,0.0001
0.457,0.313,0.23,0.0001
0.458,0.276,0.266,0.0001
0.458,0.28,0.262,0.0001
0.458,0.281,0.261,0.0001
0.458,0.282,0.26,0.0001
0.458,0.283,0.259,0.0002
0.458,0.284,0.258,0.0005
0.458,0.285,0.257,0.0003
0.458,0.286,0.256,0.0004
0.458,0.287,0.255,0.0005
0.458,0.289,0.253,0.0004
0.458,0.29,0.252,0.0006
0.458,0.291,0.251,0.0005
0.458,0.292,0.25,0.0007
0.458,0.293,0.249,0.0006
0.458,0.294,0.248,0.0003
0.458,0.295,0.247,0.0006
0.458,0.296,0.246,0.0007
0.458,0.298,0.244,0.0006
0.458,0.299,0.243,0.0001
0.458,0.3,0.242,0.0002
0.458,0.301,0.241,0.0006
0.458,0.302,0.24,0.0001
0.458,0.305,0.237,0.0001
0.458,0.307,0.235,0.0001
0.458,0.309,0.233,0.0001
0.458,0.312,0.23,0.0001
0.458,0.315,0.227,0.0001
0.458,0.32,0.222,0.0001
0.459,0.278,0.263,0.0001
0.459,0.279,0.262,0.0001
0.459,0.281,0.26,0.0001
0.459,0.282,0.259,0.0001
0.459,0.283,0.258,0.0002
0.459,0.284,0.257,0.0001
0.459,0.285,0.256,0.0002
0.459,0.286,0.255,0.0003
0.459,0.287,0.254,0.0002
0.459,0.288,0.253,0.0004
0.459,0.289,0.252,0.0001
0.459,0.29,0.251,0.0004
0.459,0.291,0.25,0.0007
0.459,0.292,0.249,0.0005
0.459,0.293,0.248,0.0002
0.459,0.294,0.247,0.0003
0.459,0.295,0.246,0.0007
0.459,0.296,0.245,0.0003
0.459,0.297,0.244,0.0006
0.459,0.298,0.243,0.0005
0.459,0.299,0.242,0.0003
0.459,0.3,0.241,0.0003
0.459,0.301,0.24,0.0002
0.459,0.302,0.239,0.0002
0.459,0.303,0.238,0.0001
0.459,0.304,0.237,0.0001
0.459,0.305,0.236,0.0002
0.459,0.306,0.235,0.0001
0.459,0.307,0.234,0.0001
0.459,0.31,0.231,0.0001
0.459,0.311,0.23,0.0002
0.46,0.279,0.261,0.0002
0.46,0.281,0.259,0.0001
0.46,0.282,0.258,0.0001
0.46,0.283,0.257,0.0004
0.46,0.284,0.256,0.0003
0.46,0.286,0.254,0.0001
0.46,0.287,0.253,0.0002
0.46,0.288,0.252,0.0005
0.46,0.289,0.251,0.0003
0.46,0.29,0.25,0.0004
0.46,0.291,0.249,0.0003
0.46,0.292,0.248,0.0003
0.46,0.293,0.247,0.0004
0.46,0.294,0.246,0.0001
0.46,0.295,0.245,0.0005
0.46,0.296,0.244,0.0002
0.46,0.297,0.243,0.0004
0.46,0.298,0.242,0.0003
0.46,0.299,0.241,0.0003
0.46,0.3,0.24,0.0001
0.46,0.301,0.239,0.0001
0.46,0.302,0.238,0.0002
0.46,0.303,0.237,0.0001
0.46,0.304,0.236,0.0001
0.46,0.305,0.235,0.0003
0.46,0.306,0.234,0.0001
0.46,0.308,0.232,0.0001
0.46,0.311,0.229,0.0001
0.46,0.314,0.226,0.0001
0.461,0.278,0.261,0.0001
0.461,0.282,0.257,0.0001
0.461,0.283,0.256,0.0003
0.461,0.284,0.255,0.0001
0.461,0.287,0.252,0.0005
0.461,0.288,0.251,0.0002
0.461,0.289,0.25,0.0003
0.461,0.29,0.249,0.0001
0.461,0.291,0.248,0.0003
0.461,0.292,0.247,0.0005
0.461,0.293,0.246,0.0004
0.461,0.294,0.245,0.0005
0.461,0.295,0.244,0.0005
0.461,0.296,0.243,0.0004
0.461,0.297,0.242,0.0005
0.461,0.298,0.241,0.0002
0.461,0.299,0.24,0.0002
0.461,0.3,0.239,0.0004
0.461,0.302,0.237,0.0002
0.461,0.303,0.236,0.0001
0.461,0.306,0.233,0.0001
0.461,0.309,0.23,0.0001
0.461,0.31,0.229,0.0001
0.461,0.324,0.215,0.0001
0.462,0.281,0.257,0.0002
0.462,0.284,0.254,0.0002
0.462,0.286,0.252,0.0002
0.462,0.288,0.25,0.0002
0.462,0.289,0.249,0.0004
0.462,0.29,0.248,0.0001
0.462,0.291,0.247,0.0005
0.462,0.292,0.246,0.0002
0.462,0.293,0.245,0.0002
0.462,0.294,0.244,0.0002
0.462,0.295,0.243,0.0004
0.462,0.296,0.242,0.0001
0.462,0.297,0.241,0.0002
0.462,0.298,0.24,0.0005
0.462,0.299,0.239,0.0003
0.462,0.3,0.238,0.0002
0.462,0.301,0.237,0.0003
0.462,0.302,0.236,0.0004
0.462,0.303,0.235,0.0003
0.462,0.304,0.234,0.0003
0.462,0.305,0.233,0.0003
0.462,0.307,0.231,0.0001
0.462,0.31,0.228,0.0001
0.462,0.311,0.227,0.0002
0.462,0.313,0.225,0.0002
0.463,0.29,0.247,0.0002
0.463,0.291,0.246,0.0006
0.463,0.292,0.245,0.0003
0.463,0.293,0.244,0.0002
0.463,0.294,0.243,0.0003
0.463,0.295,0.242,0.0001
0.463,0.296,0.241,0.0001
0.463,0.297,0.24,0.0003
0.463,0.298,0.239,0.0002
0.463,0.3,0.237,0.0002
0.463,0.301,0.236,0.0001
0.463,0.303,0.234,0.0001
0.463,0.306,0.231,0.0001
0.463,0.307,0.23,0.0001
0.463,0.309,0.228,0.0001
0.463,0.311,0.226,0.0001
0.463,0.312,0.225,0.0001
0.463,0.315,0.222,0.0001
0.463,0.317,0.22,0.0001
0.463,0.32,0.217,0.0001
0.463,0.33,0.207,0.0001
0.464,0.284,0.252,0.0001
0.464,0.288,0.248,0.0002
0.464,0.289,0.247,0.0001
0.464,0.29,0.246,0.0001
0.464,0.291,0.245,0.0001
0.464,0.292,0.244,0.0001
0.464,0.293,0.243,0.0001
0.464,0.294,0.242,0.0003
0.464,0.295,0.241,0.0001
0.464,0.297,0.239,0.0002
0.464,0.301,0.235,0.0001
0.464,0.302,0.234,0.0001
0.464,0.303,0.233,0.0001
0.464,0.304,0.232,0.0002
0.464,0.305,0.231,0.0001
0.464,0.307,0.229,0.0001
0.464,0.311,0.225,0.0001
0.464,0.315,0.221,0.0001
0.464,0.317,0.219,0.0001
0.465,0.285,0.25,0.0001
0.465,0.288,0.247,0.0001
0.465,0.29,0.245,0.0001
0.465,0.291,0.244,0.0001
0.465,0.293,0.242,0.0001
0.465,0.295,0.24,0.0002
0.465,0.296,0.239,0.0001
0.465,0.299,0.236,0.0001
0.465,0.3,0.235,0.0002
0.465,0.303,0.232,0.0001
0.465,0.304,0.231,0.0003
0.465,0.307,0.228,0.0001
0.465,0.309,0.226,0.0001
0.465,0.312,0.223,0.0001
0.466,0.279,0.255,0.0001
0.466,0.281,0.253,0.0001
0.466,0.287,0.247,0.0001
0.466,0.29,0.244,0.0001
0.466,0.291,0.243,0.0002
0.466,0.292,0.242,0.0002
0.466,0.294,0.24,0.0001
0.466,0.295,0.239,0.0002
0.466,0.3,0.234,0.0001
0.466,0.301,0.233,0.0001
0.466,0.302,0.232,0.0001
0.466,0.303,0.231,0.0001
0.466,0.308,0.226,0.0001
0.466,0.314,0.22,0.0001
0.466,0.319,0.215,0.0001
0.467,0.28,0.253,0.0001
0.467,0.285,0.248,0.0001
0.467,0.288,0.245,0.0001
0.467,0.289,0.244,0.0001
0.467,0.292,0.241,0.0001
0.467,0.293,0.24,0.0001
0.467,0.294,0.239,0.0001
0.467,0.299,0.234,0.0001
0.467,0.301,0.232,0.0001
0.467,0.302,0.231,0.0001
0.467,0.303,0.23,0.0003
0.467,0.305,0.228,0.0001
0.467,0.307,0.226,0.0001
0.467,0.309,0.224,0.0001
0.467,0.316,0.217,0.0001
0.468,0.29,0.242,0.0001
0.468,0.291,0.241,0.0001
0.468,0.299,0.233,0.0001
0.468,0.301,0.231,0.0001
0.468,0.303,0.229,0.0002
0.468,0.304,0.228,0.0002
0.469,0.293,0.238,0.0001
0.469,0.307,0.224,0.0001
0.469,0.311,0.22,0.0001
0.47,0.29,0.24,0.0001
0.47,0.294,0.236,0.0001
0.47,0.298,0.232,0.0001
0.47,0.304,0.226,0.0001
0.47,0.31,0.22,0.0001
0.47,0.314,0.216,0.0001
0.47,0.316,0.214,0.0001
0.471,0.301,0.228,0.0001
0.472,0.302,0.226,0.0001
0.472,0.304,0.224,0.0001
0.472,0.316,0.212,0.0001
0.472,0.326,0.202,0.0001
0.473,0.297,0.23,0.0001
0.473,0.305,0.222,0.0001
0.473,0.313,0.214,0.0001
0.473,0.323,0.204,0.0001
0.475,0.309,0.216,0.0001
0.475,0.324,0.201,0.0001
0.476,0.314,0.21,0.0001
0.477,0.295,0.228,0.0001
