0.11,0.5825,0.3075,0.001053740779768177
0.1125,0.58,0.3075,0.001053740779768177
0.1125,0.5825,0.305,0.001053740779768177
0.115,0.5475,0.3375,0.001053740779768177
0.115,0.55,0.335,0.001053740779768177
0.1175,0.5475,0.335,0.001053740779768177
0.1175,0.5575,0.325,0.001053740779768177
0.1175,0.5725,0.31,0.001053740779768177
0.12,0.555,0.325,0.002107481559536354
0.12,0.5575,0.3225,0.001053740779768177
0.12,0.56,0.32,0.002107481559536354
0.12,0.565,0.315,0.001053740779768177
0.12,0.57,0.31,0.001053740779768177
0.12,0.575,0.305,0.001053740779768177
0.12,0.5775,0.3025,0.001053740779768177
0.1225,0.5275,0.35,0.001053740779768177
0.1225,0.535,0.3425,0.001053740779768177
0.1225,0.5375,0.34,0.001053740779768177
0.1225,0.5425,0.335,0.001053740779768177
0.1225,0.5475,0.33,0.001053740779768177
0.1225,0.55,0.3275,0.001053740779768177
0.1225,0.5575,0.32,0.002107481559536354
0.1225,0.56,0.3175,0.002107481559536354
0.1225,0.5625,0.315,0.001053740779768177
0.1225,0.565,0.3125,0.001053740779768177
0.1225,0.575,0.3025,0.001053740779768177
0.1225,0.5825,0.295,0.001053740779768177
0.125,0.5225,0.3525,0.001053740779768177
0.125,0.525,0.35,0.002107481559536354
0.125,0.53,0.345,0.001053740779768177
0.125,0.5325,0.3425,0.001053740779768177
0.125,0.535,0.34,0.002107481559536354
0.125,0.5375,0.3375,0.001053740779768177
0.125,0.54,0.335,0.002107481559536354
0.125,0.5425,0.3325,0.005268703898840885
0.125,0.545,0.33,0.001053740779768177
0.125,0.5475,0.3275,0.001053740779768177
0.125,0.5825,0.2925,0.001053740779768177
0.1275,0.52,0.3525,0.001053740779768177
0.1275,0.5225,0.35,0.002107481559536354
0.1275,0.525,0.3475,0.001053740779768177
0.1275,0.5275,0.345,0.001053740779768177
0.1275,0.53,0.3425,0.003161222339304531
0.1275,0.5325,0.34,0.003161222339304531
0.1275,0.535,0.3375,0.002107481559536354
0.1275,0.5375,0.335,0.001053740779768177
0.1275,0.54,0.3325,0.005268703898840885
0.1275,0.5425,0.33,0.003161222339304531
0.1275,0.545,0.3275,0.001053740779768177
0.1275,0.55,0.3225,0.001053740779768177
0.13,0.5175,0.3525,0.001053740779768177
0.13,0.5225,0.3475,0.001053740779768177
0.13,0.525,0.345,0.001053740779768177
0.13,0.5275,0.3425,0.003161222339304531
0.13,0.53,0.34,0.007376185458377239
0.13,0.5325,0.3375,0.006322444678609062
0.13,0.535,0.335,0.003161222339304531
0.13,0.5375,0.3325,0.002107481559536354
0.13,0.54,0.33,0.003161222339304531
0.13,0.5425,0.3275,0.003161222339304531
0.13,0.5475,0.3225,0.002107481559536354
0.13,0.55,0.32,0.001053740779768177
0.1325,0.4925,0.375,0.001053740779768177
0.1325,0.495,0.3725,0.001053740779768177
0.1325,0.505,0.3625,0.001053740779768177
0.1325,0.5125,0.355,0.002107481559536354
0.1325,0.515,0.3525,0.001053740779768177
0.1325,0.5175,0.35,0.002107481559536354
0.1325,0.52,0.3475,0.001053740779768177
0.1325,0.5225,0.345,0.002107481559536354
0.1325,0.525,0.3425,0.006322444678609062
0.1325,0.5275,0.34,0.005268703898840885
0.1325,0.53,0.3375,0.005268703898840885
0.1325,0.5325,0.335,0.002107481559536354
0.1325,0.535,0.3325,0.002107481559536354
0.1325,0.54,0.3275,0.002107481559536354
0.1325,0.5425,0.325,0.001053740779768177
0.1325,0.5475,0.32,0.001053740779768177
0.135,0.4925,0.3725,0.001053740779768177
0.135,0.5025,0.3625,0.003161222339304531
0.135,0.505,0.36,0.004214963119072708
0.135,0.5075,0.3575,0.002107481559536354
0.135,0.51,0.355,0.005268703898840885
0.135,0.5125,0.3525,0.007376185458377239
0.135,0.515,0.35,0.009483667017913594
0.135,0.5175,0.3475,0.002107481559536354
0.135,0.52,0.345,0.005268703898840885
0.135,0.5225,0.3425,0.006322444678609062
0.135,0.525,0.34,0.006322444678609062
0.135,0.5275,0.3375,0.005268703898840885
0.135,0.53,0.335,0.002107481559536354
0.135,0.5325,0.3325,0.002107481559536354
0.135,0.535,0.33,0.001053740779768177
0.135,0.54,0.325,0.002107481559536354
0.135,0.5425,0.3225,0.002107481559536354
0.135,0.55,0.315,0.001053740779768177
0.135,0.5525,0.3125,0.001053740779768177
0.135,0.555,0.31,0.001053740779768177
0.135,0.5575,0.3075,0.001053740779768177
0.1375,0.4975,0.365,0.001053740779768177
0.1375,0.5,0.3625,0.004214963119072708
0.1375,0.5025,0.36,0.007376185458377239
0.1375,0.505,0.3575,0.003161222339304531
0.1375,0.5075,0.355,0.007376185458377239
0.1375,0.51,0.3525,0.009483667017913594
0.1375,0.5125,0.35,0.015806111696522657
0.1375,0.515,0.3475,0.009483667017913594
0.1375,0.5175,0.345,0.006322444678609062
0.1375,0.52,0.3425,0.008429926238145416
0.1375,0.5225,0.34,0.003161222339304531
0.1375,0.525,0.3375,0.005268703898840885
0.1375,0.5275,0.335,0.004214963119072708
0.1375,0.5325,0.33,0.001053740779768177
0.1375,0.535,0.3275,0.001053740779768177
0.1375,0.5375,0.325,0.002107481559536354
0.1375,0.54,0.3225,0.002107481559536354
0.1375,0.55,0.3125,0.001053740779768177
0.1375,0.555,0.3075,0.001053740779768177
0.14,0.4875,0.3725,0.001053740779768177
0.14,0.495,0.365,0.002107481559536354
0.14,0.4975,0.3625,0.009483667017913594
0.14,0.5,0.36,0.012644889357218124
0.14,0.5025,0.3575,0.009483667017913594
0.14,0.505,0.355,0.009483667017913594
0.14,0.5075,0.3525,0.014752370916754479
0.14,0.51,0.35,0.012644889357218124
0.14,0.5125,0.3475,0.015806111696522657
0.14,0.515,0.345,0.01053740779768177
0.14,0.5175,0.3425,0.009483667017913594
0.14,0.52,0.34,0.008429926238145416
0.14,0.5225,0.3375,0.007376185458377239
0.14,0.525,0.335,0.004214963119072708
0.14,0.5275,0.3325,0.001053740779768177
0.14,0.53,0.33,0.002107481559536354
0.14,0.5325,0.3275,0.002107481559536354
0.14,0.535,0.325,0.002107481559536354
0.14,0.5375,0.3225,0.002107481559536354
0.1425,0.485,0.3725,0.001053740779768177
0.1425,0.4875,0.37,0.005268703898840885
0.1425,0.49,0.3675,0.004214963119072708
0.1425,0.4925,0.365,0.003161222339304531
0.1425,0.495,0.3625,0.0136986301369863
0.1425,0.4975,0.36,0.02423603793466807
0.1425,0.5,0.3575,0.029504741833508957
0.1425,0.5025,0.355,0.020021074815595362
0.1425,0.505,0.3525,0.023182297154899896
0.1425,0.5075,0.35,0.01791359325605901
0.1425,0.51,0.3475,0.015806111696522657
0.1425,0.5125,0.345,0.01053740779768177
0.1425,0.515,0.3425,0.0136986301369863
0.1425,0.5175,0.34,0.01053740779768177
0.1425,0.52,0.3375,0.01053740779768177
0.1425,0.5225,0.335,0.003161222339304531
0.1425,0.5275,0.33,0.002107481559536354
0.1425,0.5525,0.305,0.001053740779768177
0.1425,0.555,0.3025,0.001053740779768177
0.145,0.475,0.38,0.001053740779768177
0.145,0.4775,0.3775,0.002107481559536354
0.145,0.48,0.375,0.003161222339304531
0.145,0.4825,0.3725,0.007376185458377239
0.145,0.485,0.37,0.005268703898840885
0.145,0.4875,0.3675,0.015806111696522657
0.145,0.49,0.365,0.01791359325605901
0.145,0.4925,0.3625,0.020021074815595362
0.145,0.495,0.36,0.030558482613277135
0.145,0.4975,0.3575,0.03898840885142255
0.145,0.5,0.355,0.040042149631190724
0.145,0.5025,0.3525,0.020021074815595362
0.145,0.505,0.35,0.020021074815595362
0.145,0.5075,0.3475,0.015806111696522657
0.145,0.51,0.345,0.007376185458377239
0.145,0.5125,0.3425,0.005268703898840885
0.145,0.515,0.34,0.008429926238145416
0.145,0.5175,0.3375,0.006322444678609062
0.145,0.52,0.335,0.005268703898840885
0.145,0.525,0.33,0.001053740779768177
0.145,0.5275,0.3275,0.001053740779768177
0.145,0.53,0.325,0.001053740779768177
0.145,0.5525,0.3025,0.001053740779768177
0.1475,0.4725,0.38,0.001053740779768177
0.1475,0.475,0.3775,0.003161222339304531
0.1475,0.4775,0.375,0.005268703898840885
0.1475,0.48,0.3725,0.01053740779768177
0.1475,0.4825,0.37,0.0136986301369863
0.1475,0.485,0.3675,0.01685985247629083
0.1475,0.4875,0.365,0.02423603793466807
0.1475,0.49,0.3625,0.032665964172813484
0.1475,0.4925,0.36,0.0410958904109589
0.1475,0.495,0.3575,0.04847207586933614
0.1475,0.4975,0.355,0.040042149631190724
0.1475,0.5,0.3525,0.026343519494204427
0.1475,0.5025,0.35,0.0136986301369863
0.1475,0.505,0.3475,0.011591148577449948
0.1475,0.5075,0.345,0.007376185458377239
0.1475,0.51,0.3425,0.006322444678609062
0.1475,0.5125,0.34,0.006322444678609062
0.1475,0.515,0.3375,0.004214963119072708
0.1475,0.5175,0.335,0.001053740779768177
0.1475,0.52,0.3325,0.001053740779768177
0.1475,0.525,0.3275,0.001053740779768177
0.1475,0.5275,0.325,0.002107481559536354
0.1475,0.53,0.3225,0.001053740779768177
0.15,0.4675,0.3825,0.001053740779768177
0.15,0.47,0.38,0.002107481559536354
0.15,0.4725,0.3775,0.005268703898840885
0.15,0.475,0.375,0.01053740779768177
0.15,0.4775,0.3725,0.020021074815595362
0.15,0.48,0.37,0.022128556375131718
0.15,0.4825,0.3675,0.03582718651211802
0.15,0.485,0.365,0.037934668071654375
0.15,0.4875,0.3625,0.03582718651211802
0.15,0.49,0.36,0.04320337197049526
0.15,0.4925,0.3575,0.051633298208640675
0.15,0.495,0.355,0.040042149631190724
0.15,0.4975,0.3525,0.02423603793466807
0.15,0.5,0.35,0.018967334035827187
0.15,0.5025,0.3475,0.01053740779768177
0.15,0.505,0.345,0.003161222339304531
0.15,0.5075,0.3425,0.005268703898840885
0.15,0.51,0.34,0.004214963119072708
0.15,0.5125,0.3375,0.007376185458377239
0.15,0.515,0.335,0.002107481559536354
0.15,0.5175,0.3325,0.003161222339304531
0.15,0.52,0.33,0.002107481559536354
0.15,0.5225,0.3275,0.001053740779768177
0.15,0.525,0.325,0.002107481559536354
0.15,0.5275,0.3225,0.002107481559536354
0.15,0.5425,0.3075,0.001053740779768177
0.15,0.545,0.305,0.001053740779768177
0.1525,0.4625,0.385,0.001053740779768177
0.1525,0.465,0.3825,0.001053740779768177
0.1525,0.4675,0.38,0.003161222339304531
0.1525,0.47,0.3775,0.009483667017913594
0.1525,0.4725,0.375,0.0136986301369863
0.1525,0.475,0.3725,0.040042149631190724
0.1525,0.4775,0.37,0.05584826132771338
0.1525,0.48,0.3675,0.06533192834562697
0.1525,0.4825,0.365,0.06533192834562697
0.1525,0.485,0.3625,0.05690200210748156
0.1525,0.4875,0.36,0.04636459430979979
0.1525,0.49,0.3575,0.03477344573234984
0.1525,0.4925,0.355,0.0273972602739726
0.1525,0.495,0.3525,0.01685985247629083
0.1525,0.4975,0.35,0.0136986301369863
0.1525,0.5,0.3475,0.014752370916754479
0.1525,0.5025,0.345,0.006322444678609062
0.1525,0.505,0.3425,0.002107481559536354
0.1525,0.5075,0.34,0.003161222339304531
0.1525,0.51,0.3375,0.004214963119072708
0.1525,0.5125,0.335,0.002107481559536354
0.1525,0.515,0.3325,0.001053740779768177
0.1525,0.5225,0.325,0.001053740779768177
0.1525,0.525,0.3225,0.001053740779768177
0.1525,0.5275,0.32,0.002107481559536354
0.1525,0.54,0.3075,0.001053740779768177
0.1525,0.5425,0.305,0.003161222339304531
0.1525,0.545,0.3025,0.001053740779768177
0.155,0.46,0.385,0.001053740779768177
0.155,0.4625,0.3825,0.002107481559536354
0.155,0.465,0.38,0.007376185458377239
0.155,0.4675,0.3775,0.022128556375131718
0.155,0.47,0.375,0.032665964172813484
0.155,0.4725,0.3725,0.0642781875658588
0.155,0.475,0.37,0.08113804004214963
0.155,0.4775,0.3675,0.08429926238145416
0.155,0.48,0.365,0.0821917808219178
0.155,0.4825,0.3625,0.0684931506849315
0.155,0.485,0.36,0.04847207586933614
0.155,0.4875,0.3575,0.03898840885142255
0.155,0.49,0.355,0.0273972602739726
0.155,0.4925,0.3525,0.02107481559536354
0.155,0.495,0.35,0.011591148577449948
0.155,0.4975,0.3475,0.009483667017913594
0.155,0.5,0.345,0.01053740779768177
0.155,0.5025,0.3425,0.003161222339304531
0.155,0.505,0.34,0.001053740779768177
0.155,0.5075,0.3375,0.002107481559536354
0.155,0.51,0.335,0.003161222339304531
0.155,0.5125,0.3325,0.001053740779768177
0.155,0.515,0.33,0.002107481559536354
0.155,0.5175,0.3275,0.001053740779768177
0.155,0.52,0.325,0.002107481559536354
0.155,0.535,0.31,0.001053740779768177
0.155,0.54,0.305,0.001053740779768177
0.155,0.5425,0.3025,0.002107481559536354
0.155,0.5525,0.2925,0.001053740779768177
0.155,0.555,0.29,0.001053740779768177
0.1575,0.455,0.3875,0.001053740779768177
0.1575,0.4575,0.385,0.005268703898840885
0.1575,0.46,0.3825,0.007376185458377239
0.1575,0.4625,0.38,0.007376185458377239
0.1575,0.465,0.3775,0.02845100105374078
0.1575,0.4675,0.375,0.0505795574288725
0.1575,0.47,0.3725,0.08535300316122234
0.1575,0.4725,0.37,0.11907270811380401
0.1575,0.475,0.3675,0.11064278187565858
0.1575,0.4775,0.365,0.08851422550052687
0.1575,0.48,0.3625,0.06533192834562697
0.1575,0.4825,0.36,0.05374077976817703
0.1575,0.485,0.3575,0.03161222339304531
0.1575,0.4875,0.355,0.026343519494204427
0.1575,0.49,0.3525,0.0136986301369863
0.1575,0.4925,0.35,0.011591148577449948
0.1575,0.495,0.3475,0.011591148577449948
0.1575,0.4975,0.345,0.009483667017913594
0.1575,0.5,0.3425,0.006322444678609062
0.1575,0.5025,0.34,0.002107481559536354
0.1575,0.505,0.3375,0.001053740779768177
0.1575,0.5075,0.335,0.002107481559536354
0.1575,0.51,0.3325,0.002107481559536354
0.1575,0.5125,0.33,0.002107481559536354
0.1575,0.515,0.3275,0.001053740779768177
0.1575,0.5175,0.325,0.001053740779768177
0.1575,0.52,0.3225,0.001053740779768177
0.1575,0.5225,0.32,0.001053740779768177
0.1575,0.525,0.3175,0.001053740779768177
0.1575,0.5275,0.315,0.001053740779768177
0.1575,0.5325,0.31,0.001053740779768177
0.1575,0.535,0.3075,0.001053740779768177
0.1575,0.54,0.3025,0.001053740779768177
0.1575,0.545,0.2975,0.001053740779768177
0.1575,0.55,0.2925,0.001053740779768177
0.1575,0.5525,0.29,0.002107481559536354
0.1575,0.555,0.2875,0.001053740779768177
0.1575,0.5625,0.28,0.001053740779768177
0.16,0.4475,0.3925,0.002107481559536354
0.16,0.45,0.39,0.002107481559536354
0.16,0.455,0.385,0.005268703898840885
0.16,0.4575,0.3825,0.015806111696522657
0.16,0.46,0.38,0.02423603793466807
0.16,0.4625,0.3775,0.059009483667017915
0.16,0.465,0.375,0.09378292939936776
0.16,0.4675,0.3725,0.12012644889357219
0.16,0.47,0.37,0.1422550052687039
0.16,0.4725,0.3675,0.13487881981032665
0.16,0.475,0.365,0.101159114857745
0.16,0.4775,0.3625,0.06111696522655427
0.16,0.48,0.36,0.04952581664910432
0.16,0.4825,0.3575,0.02423603793466807
0.16,0.485,0.355,0.014752370916754479
0.16,0.4875,0.3525,0.01791359325605901
0.16,0.49,0.35,0.01053740779768177
0.16,0.4925,0.3475,0.004214963119072708
0.16,0.495,0.345,0.004214963119072708
0.16,0.4975,0.3425,0.005268703898840885
0.16,0.5,0.34,0.004214963119072708
0.16,0.5025,0.3375,0.003161222339304531
0.16,0.505,0.335,0.004214963119072708
0.16,0.5075,0.3325,0.002107481559536354
0.16,0.51,0.33,0.001053740779768177
0.16,0.5125,0.3275,0.002107481559536354
0.16,0.515,0.325,0.001053740779768177
0.16,0.5175,0.3225,0.001053740779768177
0.16,0.52,0.32,0.001053740779768177
0.16,0.525,0.315,0.001053740779768177
0.16,0.5375,0.3025,0.001053740779768177
0.16,0.54,0.3,0.001053740779768177
0.16,0.5425,0.2975,0.001053740779768177
0.16,0.545,0.295,0.001053740779768177
0.16,0.5475,0.2925,0.001053740779768177
0.16,0.55,0.29,0.001053740779768177
0.16,0.56,0.28,0.001053740779768177
0.16,0.5625,0.2775,0.001053740779768177
0.1625,0.4475,0.39,0.003161222339304531
0.1625,0.45,0.3875,0.003161222339304531
0.1625,0.4525,0.385,0.008429926238145416
0.1625,0.455,0.3825,0.03371970495258166
0.1625,0.4575,0.38,0.06322444678609063
0.1625,0.46,0.3775,0.09799789251844046
0.1625,0.4625,0.375,0.14120126448893572
0.1625,0.465,0.3725,0.15489989462592202
0.1625,0.4675,0.37,0.1791359325605901
0.1625,0.47,0.3675,0.16754478398314016
0.1625,0.4725,0.365,0.11696522655426765
0.1625,0.475,0.3625,0.07165437302423604
0.1625,0.4775,0.36,0.05268703898840885
0.1625,0.48,0.3575,0.03371970495258166
0.1625,0.4825,0.355,0.0136986301369863
0.1625,0.485,0.3525,0.014752370916754479
0.1625,0.4875,0.35,0.0136986301369863
0.1625,0.49,0.3475,0.006322444678609062
0.1625,0.4925,0.345,0.006322444678609062
0.1625,0.495,0.3425,0.007376185458377239
0.1625,0.4975,0.34,0.005268703898840885
0.1625,0.5,0.3375,0.004214963119072708
0.1625,0.5025,0.335,0.004214963119072708
0.1625,0.505,0.3325,0.005268703898840885
0.1625,0.5075,0.33,0.003161222339304531
0.1625,0.51,0.3275,0.003161222339304531
0.1625,0.5125,0.325,0.002107481559536354
0.1625,0.515,0.3225,0.001053740779768177
0.1625,0.5175,0.32,0.001053740779768177
0.1625,0.5375,0.3,0.001053740779768177
0.165,0.445,0.39,0.001053740779768177
0.165,0.4475,0.3875,0.01053740779768177
0.165,0.45,0.385,0.029504741833508957
0.165,0.4525,0.3825,0.051633298208640675
0.165,0.455,0.38,0.09694415173867228
0.165,0.4575,0.3775,0.15700737618545837
0.165,0.46,0.375,0.18229715489989462
0.165,0.4625,0.3725,0.1970495258166491
0.165,0.465,0.37,0.1886195995785037
0.165,0.4675,0.3675,0.1654373024236038
0.165,0.47,0.365,0.1327713382507903
0.165,0.4725,0.3625,0.09062170706006323
0.165,0.475,0.36,0.05268703898840885
0.165,0.4775,0.3575,0.03898840885142255
0.165,0.48,0.355,0.020021074815595362
0.165,0.4825,0.3525,0.009483667017913594
0.165,0.485,0.35,0.01053740779768177
0.165,0.4875,0.3475,0.01053740779768177
0.165,0.49,0.345,0.008429926238145416
0.165,0.4925,0.3425,0.011591148577449948
0.165,0.495,0.34,0.008429926238145416
0.165,0.4975,0.3375,0.003161222339304531
0.165,0.5,0.335,0.004214963119072708
0.165,0.5025,0.3325,0.003161222339304531
0.165,0.505,0.33,0.002107481559536354
0.165,0.5075,0.3275,0.002107481559536354
0.165,0.51,0.325,0.001053740779768177
0.165,0.5125,0.3225,0.002107481559536354
0.165,0.515,0.32,0.002107481559536354
0.1675,0.445,0.3875,0.006322444678609062
0.1675,0.4475,0.385,0.03898840885142255
0.1675,0.45,0.3825,0.06638566912539515
0.1675,0.4525,0.38,0.14330874604847207
0.1675,0.455,0.3775,0.21390937829293993
0.1675,0.4575,0.375,0.2528977871443625
0.1675,0.46,0.3725,0.23182297154899895
0.1675,0.4625,0.37,0.20021074815595363
0.1675,0.465,0.3675,0.13171759747102213
0.1675,0.4675,0.365,0.10221285563751317
0.1675,0.47,0.3625,0.0684931506849315
0.1675,0.4725,0.36,0.051633298208640675
0.1675,0.475,0.3575,0.02845100105374078
0.1675,0.4775,0.355,0.01685985247629083
0.1675,0.48,0.3525,0.009483667017913594
0.1675,0.4825,0.35,0.01053740779768177
0.1675,0.485,0.3475,0.007376185458377239
0.1675,0.4875,0.345,0.009483667017913594
0.1675,0.49,0.3425,0.01053740779768177
0.1675,0.4925,0.34,0.005268703898840885
0.1675,0.495,0.3375,0.006322444678609062
0.1675,0.4975,0.335,0.002107481559536354
0.1675,0.5,0.3325,0.004214963119072708
0.1675,0.5025,0.33,0.003161222339304531
0.1675,0.505,0.3275,0.003161222339304531
0.1675,0.5075,0.325,0.001053740779768177
0.1675,0.5125,0.32,0.002107481559536354
0.1675,0.515,0.3175,0.001053740779768177
0.1675,0.525,0.3075,0.001053740779768177
0.1675,0.5275,0.305,0.001053740779768177
0.17,0.435,0.395,0.001053740779768177
0.17,0.4375,0.3925,0.001053740779768177
0.17,0.44,0.39,0.004214963119072708
0.17,0.4425,0.3875,0.0136986301369863
0.17,0.445,0.385,0.06533192834562697
0.17,0.4475,0.3825,0.11801896733403583
0.17,0.45,0.38,0.19388830347734456
0.17,0.4525,0.3775,0.2950474183350896
0.17,0.455,0.375,0.3150684931506849
0.17,0.4575,0.3725,0.27713382507903056
0.17,0.46,0.37,0.2065331928345627
0.17,0.4625,0.3675,0.1327713382507903
0.17,0.465,0.365,0.07903055848261328
0.17,0.4675,0.3625,0.045310853530031614
0.17,0.47,0.36,0.02845100105374078
0.17,0.4725,0.3575,0.02528977871443625
0.17,0.475,0.355,0.014752370916754479
0.17,0.4775,0.3525,0.011591148577449948
0.17,0.48,0.35,0.007376185458377239
0.17,0.4825,0.3475,0.008429926238145416
0.17,0.485,0.345,0.006322444678609062
0.17,0.4875,0.3425,0.008429926238145416
0.17,0.49,0.34,0.005268703898840885
0.17,0.4925,0.3375,0.007376185458377239
0.17,0.495,0.335,0.003161222339304531
0.17,0.4975,0.3325,0.003161222339304531
0.17,0.5,0.33,0.003161222339304531
0.17,0.5025,0.3275,0.004214963119072708
0.17,0.505,0.325,0.003161222339304531
0.17,0.5075,0.3225,0.001053740779768177
0.17,0.5125,0.3175,0.002107481559536354
0.17,0.515,0.315,0.002107481559536354
0.17,0.5175,0.3125,0.002107481559536354
0.17,0.52,0.31,0.001053740779768177
0.17,0.5225,0.3075,0.001053740779768177
0.17,0.525,0.305,0.002107481559536354
0.1725,0.435,0.3925,0.001053740779768177
0.1725,0.4375,0.39,0.006322444678609062
0.1725,0.44,0.3875,0.02845100105374078
0.1725,0.4425,0.385,0.06638566912539515
0.1725,0.445,0.3825,0.17070600632244468
0.1725,0.4475,0.38,0.25500526870389884
0.1725,0.45,0.3775,0.3108535300316122
0.1725,0.4525,0.375,0.3245521601685985
0.1725,0.455,0.3725,0.2876712328767123
0.1725,0.4575,0.37,0.20969441517386722
0.1725,0.46,0.3675,0.12118018967334036
0.1725,0.4625,0.365,0.07692307692307693
0.1725,0.465,0.3625,0.04214963119072708
0.1725,0.4675,0.36,0.02107481559536354
0.1725,0.47,0.3575,0.02423603793466807
0.1725,0.4725,0.355,0.020021074815595362
0.1725,0.475,0.3525,0.014752370916754479
0.1725,0.4775,0.35,0.0136986301369863
0.1725,0.48,0.3475,0.009483667017913594
0.1725,0.4825,0.345,0.005268703898840885
0.1725,0.485,0.3425,0.004214963119072708
0.1725,0.4875,0.34,0.007376185458377239
0.1725,0.49,0.3375,0.008429926238145416
0.1725,0.4925,0.335,0.003161222339304531
0.1725,0.4975,0.33,0.002107481559536354
0.1725,0.5,0.3275,0.005268703898840885
0.1725,0.5025,0.325,0.006322444678609062
0.1725,0.505,0.3225,0.006322444678609062
0.1725,0.5075,0.32,0.001053740779768177
0.1725,0.51,0.3175,0.001053740779768177
0.1725,0.5125,0.315,0.006322444678609062
0.1725,0.515,0.3125,0.005268703898840885
0.1725,0.5175,0.31,0.003161222339304531
0.1725,0.5225,0.305,0.001053740779768177
0.175,0.4325,0.3925,0.001053740779768177
0.175,0.435,0.39,0.007376185458377239
0.175,0.4375,0.3875,0.04847207586933614
0.175,0.44,0.385,0.11380400421496312
0.175,0.4425,0.3825,0.21180189673340358
0.175,0.445,0.38,0.36037934668071653
0.175,0.4475,0.3775,0.3951527924130664
0.175,0.45,0.375,0.3487881981032666
0.175,0.4525,0.3725,0.2760800842992624
0.175,0.455,0.37,0.18124341412012646
0.175,0.4575,0.3675,0.1053740779768177
0.175,0.46,0.365,0.05795574288724974
0.175,0.4625,0.3625,0.04741833508956796
0.175,0.465,0.36,0.02528977871443625
0.175,0.4675,0.3575,0.022128556375131718
0.175,0.47,0.355,0.011591148577449948
0.175,0.4725,0.3525,0.012644889357218124
0.175,0.475,0.35,0.01053740779768177
0.175,0.4775,0.3475,0.012644889357218124
0.175,0.48,0.345,0.011591148577449948
0.175,0.4825,0.3425,0.007376185458377239
0.175,0.485,0.34,0.003161222339304531
0.175,0.4875,0.3375,0.006322444678609062
0.175,0.49,0.335,0.003161222339304531
0.175,0.4925,0.3325,0.005268703898840885
0.175,0.495,0.33,0.003161222339304531
0.175,0.4975,0.3275,0.004214963119072708
0.175,0.5,0.325,0.005268703898840885
0.175,0.5025,0.3225,0.007376185458377239
0.175,0.505,0.32,0.003161222339304531
0.175,0.51,0.315,0.002107481559536354
0.175,0.5125,0.3125,0.004214963119072708
0.175,0.515,0.31,0.001053740779768177
0.1775,0.4275,0.395,0.001053740779768177
0.1775,0.43,0.3925,0.003161222339304531
0.1775,0.4325,0.39,0.01053740779768177
0.1775,0.435,0.3875,0.0505795574288725
0.1775,0.4375,0.385,0.1833508956796628
0.1775,0.44,0.3825,0.339304531085353
0.1775,0.4425,0.38,0.45732349841938885
0.1775,0.445,0.3775,0.4773445732349842
0.1775,0.4475,0.375,0.38250790305584825
0.1775,0.45,0.3725,0.25500526870389884
0.1775,0.4525,0.37,0.15384615384615385
0.1775,0.455,0.3675,0.08113804004214963
0.1775,0.4575,0.365,0.05795574288724974
0.1775,0.46,0.3625,0.0505795574288725
0.1775,0.4625,0.36,0.032665964172813484
0.1775,0.465,0.3575,0.018967334035827187
0.1775,0.4675,0.355,0.009483667017913594
0.1775,0.47,0.3525,0.009483667017913594
0.1775,0.4725,0.35,0.014752370916754479
0.1775,0.475,0.3475,0.009483667017913594
0.1775,0.4775,0.345,0.01053740779768177
0.1775,0.48,0.3425,0.012644889357218124
0.1775,0.4825,0.34,0.004214963119072708
0.1775,0.485,0.3375,0.001053740779768177
0.1775,0.4875,0.335,0.004214963119072708
0.1775,0.49,0.3325,0.007376185458377239
0.1775,0.4925,0.33,0.008429926238145416
0.1775,0.495,0.3275,0.007376185458377239
0.1775,0.4975,0.325,0.006322444678609062
0.1775,0.5,0.3225,0.003161222339304531
0.1775,0.5025,0.32,0.004214963119072708
0.1775,0.505,0.3175,0.003161222339304531
0.1775,0.5075,0.315,0.002107481559536354
0.18,0.425,0.395,0.001053740779768177
0.18,0.4275,0.3925,0.005268703898840885
0.18,0.43,0.39,0.02528977871443625
0.18,0.4325,0.3875,0.08429926238145416
0.18,0.435,0.385,0.2244467860906217
0.18,0.4375,0.3825,0.39620653319283455
0.18,0.44,0.38,0.5700737618545838
0.18,0.4425,0.3775,0.5184404636459431
0.18,0.445,0.375,0.39304531085353
0.18,0.4475,0.3725,0.24552160168598525
0.18,0.45,0.37,0.13593256059009484
0.18,0.4525,0.3675,0.0779768177028451
0.18,0.455,0.365,0.059009483667017915
0.18,0.4575,0.3625,0.04847207586933614
0.18,0.46,0.36,0.04320337197049526
0.18,0.4625,0.3575,0.02423603793466807
0.18,0.465,0.355,0.018967334035827187
0.18,0.4675,0.3525,0.009483667017913594
0.18,0.47,0.35,0.011591148577449948
0.18,0.4725,0.3475,0.015806111696522657
0.18,0.475,0.345,0.01053740779768177
0.18,0.4775,0.3425,0.009483667017913594
0.18,0.48,0.34,0.004214963119072708
0.18,0.4825,0.3375,0.003161222339304531
0.18,0.485,0.335,0.008429926238145416
0.18,0.4875,0.3325,0.008429926238145416
0.18,0.49,0.33,0.005268703898840885
0.18,0.4925,0.3275,0.005268703898840885
0.18,0.495,0.325,0.007376185458377239
0.18,0.4975,0.3225,0.006322444678609062
0.18,0.5,0.32,0.003161222339304531
0.18,0.5025,0.3175,0.002107481559536354
0.18,0.505,0.315,0.002107481559536354
0.1825,0.4225,0.395,0.001053740779768177
0.1825,0.425,0.3925,0.01053740779768177
0.1825,0.4275,0.39,0.037934668071654375
0.1825,0.43,0.3875,0.12434141201264488
0.1825,0.4325,0.385,0.3245521601685985
0.1825,0.435,0.3825,0.4994731296101159
0.1825,0.4375,0.38,0.6280295047418335
0.1825,0.44,0.3775,0.5795574288724974
0.1825,0.4425,0.375,0.36880927291886195
0.1825,0.445,0.3725,0.22655426765015807
0.1825,0.4475,0.37,0.1095890410958904
0.1825,0.45,0.3675,0.06954689146469968
0.1825,0.4525,0.365,0.0505795574288725
0.1825,0.455,0.3625,0.0410958904109589
0.1825,0.4575,0.36,0.03477344573234984
0.1825,0.46,0.3575,0.02107481559536354
0.1825,0.4625,0.355,0.015806111696522657
0.1825,0.465,0.3525,0.02107481559536354
0.1825,0.4675,0.35,0.020021074815595362
0.1825,0.47,0.3475,0.014752370916754479
0.1825,0.4725,0.345,0.01685985247629083
0.1825,0.475,0.3425,0.009483667017913594
0.1825,0.4775,0.34,0.004214963119072708
0.1825,0.48,0.3375,0.008429926238145416
0.1825,0.4825,0.335,0.009483667017913594
0.1825,0.485,0.3325,0.007376185458377239
0.1825,0.4875,0.33,0.006322444678609062
0.1825,0.49,0.3275,0.004214963119072708
0.1825,0.4925,0.325,0.002107481559536354
0.1825,0.495,0.3225,0.002107481559536354
0.1825,0.4975,0.32,0.001053740779768177
0.1825,0.5,0.3175,0.001053740779768177
0.185,0.42,0.395,0.002107481559536354
0.185,0.4225,0.3925,0.007376185458377239
0.185,0.425,0.39,0.0410958904109589
0.185,0.4275,0.3875,0.15279241306638566
0.185,0.43,0.385,0.36880927291886195
0.185,0.4325,0.3825,0.624868282402529
0.185,0.435,0.38,0.6817702845100105
0.185,0.4375,0.3775,0.547945205479452
0.185,0.44,0.375,0.3498419388830348
0.185,0.4425,0.3725,0.2065331928345627
0.185,0.445,0.37,0.11380400421496312
0.185,0.4475,0.3675,0.0642781875658588
0.185,0.45,0.365,0.04741833508956796
0.185,0.4525,0.3625,0.03161222339304531
0.185,0.455,0.36,0.03161222339304531
0.185,0.4575,0.3575,0.0273972602739726
0.185,0.46,0.355,0.020021074815595362
0.185,0.4625,0.3525,0.023182297154899896
0.185,0.465,0.35,0.02845100105374078
0.185,0.4675,0.3475,0.020021074815595362
0.185,0.47,0.345,0.018967334035827187
0.185,0.4725,0.3425,0.01685985247629083
0.185,0.475,0.34,0.012644889357218124
0.185,0.4775,0.3375,0.012644889357218124
0.185,0.48,0.335,0.01791359325605901
0.185,0.4825,0.3325,0.008429926238145416
0.185,0.485,0.33,0.009483667017913594
0.185,0.4875,0.3275,0.004214963119072708
0.185,0.49,0.325,0.003161222339304531
0.185,0.4925,0.3225,0.001053740779768177
0.1875,0.4175,0.395,0.005268703898840885
0.1875,0.42,0.3925,0.01685985247629083
0.1875,0.4225,0.39,0.06006322444678609
0.1875,0.425,0.3875,0.19388830347734456
0.1875,0.4275,0.385,0.4320337197049526
0.1875,0.43,0.3825,0.7165437302423604
0.1875,0.4325,0.38,0.7755532139093783
0.1875,0.435,0.3775,0.5268703898840885
0.1875,0.4375,0.375,0.285563751317176
0.1875,0.44,0.3725,0.15279241306638566
0.1875,0.4425,0.37,0.09905163329820864
0.1875,0.445,0.3675,0.05795574288724974
0.1875,0.4475,0.365,0.04741833508956796
0.1875,0.45,0.3625,0.03477344573234984
0.1875,0.4525,0.36,0.02845100105374078
0.1875,0.455,0.3575,0.032665964172813484
0.1875,0.4575,0.355,0.029504741833508957
0.1875,0.46,0.3525,0.01685985247629083
0.1875,0.4625,0.35,0.032665964172813484
0.1875,0.465,0.3475,0.023182297154899896
0.1875,0.4675,0.345,0.020021074815595362
0.1875,0.47,0.3425,0.018967334035827187
0.1875,0.4725,0.34,0.020021074815595362
0.1875,0.475,0.3375,0.026343519494204427
0.1875,0.4775,0.335,0.015806111696522657
0.1875,0.48,0.3325,0.014752370916754479
0.1875,0.4825,0.33,0.006322444678609062
0.1875,0.485,0.3275,0.005268703898840885
0.19,0.415,0.395,0.001053740779768177
0.19,0.4175,0.3925,0.02107481559536354
0.19,0.42,0.39,0.08535300316122234
0.19,0.4225,0.3875,0.24130663856691253
0.19,0.425,0.385,0.49420442571127504
0.19,0.4275,0.3825,0.78609062170706
0.19,0.43,0.38,0.8324552160168599
0.19,0.4325,0.3775,0.5584826132771338
0.19,0.435,0.375,0.285563751317176
0.19,0.4375,0.3725,0.1380400421496312
0.19,0.44,0.37,0.0821917808219178
0.19,0.4425,0.3675,0.05795574288724974
0.19,0.445,0.365,0.044257112750263436
0.19,0.4475,0.3625,0.04214963119072708
0.19,0.45,0.36,0.03477344573234984
0.19,0.4525,0.3575,0.03371970495258166
0.19,0.455,0.355,0.03161222339304531
0.19,0.4575,0.3525,0.02107481559536354
0.19,0.46,0.35,0.01791359325605901
0.19,0.4625,0.3475,0.020021074815595362
0.19,0.465,0.345,0.02423603793466807
0.19,0.4675,0.3425,0.03161222339304531
0.19,0.47,0.34,0.030558482613277135
0.19,0.4725,0.3375,0.02845100105374078
0.19,0.475,0.335,0.015806111696522657
0.19,0.4775,0.3325,0.008429926238145416
0.19,0.48,0.33,0.007376185458377239
0.19,0.4825,0.3275,0.003161222339304531
0.19,0.485,0.325,0.001053740779768177
0.1925,0.4125,0.395,0.002107481559536354
0.1925,0.415,0.3925,0.02107481559536354
0.1925,0.4175,0.39,0.10748155953635406
0.1925,0.42,0.3875,0.28240252897787144
0.1925,0.4225,0.385,0.5374077976817703
0.1925,0.425,0.3825,0.8177028451001054
0.1925,0.4275,0.38,0.8883034773445733
0.1925,0.43,0.3775,0.5774499473129611
0.1925,0.4325,0.375,0.2781875658587987
0.1925,0.435,0.3725,0.14857744994731295
0.1925,0.4375,0.37,0.101159114857745
0.1925,0.44,0.3675,0.07270811380400422
0.1925,0.4425,0.365,0.07060063224446786
0.1925,0.445,0.3625,0.04214963119072708
0.1925,0.4475,0.36,0.037934668071654375
0.1925,0.45,0.3575,0.0368809272918862
0.1925,0.4525,0.355,0.02845100105374078
0.1925,0.455,0.3525,0.0273972602739726
0.1925,0.4575,0.35,0.03582718651211802
0.1925,0.46,0.3475,0.03477344573234984
0.1925,0.4625,0.345,0.040042149631190724
0.1925,0.465,0.3425,0.02845100105374078
0.1925,0.4675,0.34,0.026343519494204427
0.1925,0.47,0.3375,0.02107481559536354
0.1925,0.4725,0.335,0.011591148577449948
0.1925,0.475,0.3325,0.003161222339304531
0.1925,0.4775,0.33,0.003161222339304531
0.1925,0.48,0.3275,0.001053740779768177
0.195,0.41,0.395,0.003161222339304531
0.195,0.4125,0.3925,0.02423603793466807
0.195,0.415,0.39,0.12118018967334036
0.195,0.4175,0.3875,0.3445732349841939
0.195,0.42,0.385,0.6174920969441517
0.195,0.4225,0.3825,0.8524762908324552
0.195,0.425,0.38,0.9062170706006323
0.195,0.4275,0.3775,0.5900948366701791
0.195,0.43,0.375,0.2465753424657534
0.195,0.4325,0.3725,0.11591148577449947
0.195,0.435,0.37,0.0821917808219178
0.195,0.4375,0.3675,0.06006322444678609
0.195,0.44,0.365,0.0642781875658588
0.195,0.4425,0.3625,0.05374077976817703
0.195,0.445,0.36,0.03898840885142255
0.195,0.4475,0.3575,0.045310853530031614
0.195,0.45,0.355,0.04952581664910432
0.195,0.4525,0.3525,0.03582718651211802
0.195,0.455,0.35,0.044257112750263436
0.195,0.4575,0.3475,0.04214963119072708
0.195,0.46,0.345,0.0368809272918862
0.195,0.4625,0.3425,0.02423603793466807
0.195,0.465,0.34,0.01685985247629083
0.195,0.4675,0.3375,0.011591148577449948
0.195,0.47,0.335,0.007376185458377239
0.195,0.4725,0.3325,0.002107481559536354
0.1975,0.405,0.3975,0.001053740779768177
0.1975,0.4075,0.395,0.004214963119072708
0.1975,0.41,0.3925,0.04320337197049526
0.1975,0.4125,0.39,0.1749209694415174
0.1975,0.415,0.3875,0.4077976817702845
0.1975,0.4175,0.385,0.6701791359325606
0.1975,0.42,0.3825,0.898840885142255
0.1975,0.4225,0.38,0.9894625922023182
0.1975,0.425,0.3775,0.5806111696522656
0.1975,0.4275,0.375,0.24446786090621708
0.1975,0.43,0.3725,0.1232876712328767
0.1975,0.4325,0.37,0.0821917808219178
0.1975,0.435,0.3675,0.06743940990516333
0.1975,0.4375,0.365,0.06743940990516333
0.1975,0.44,0.3625,0.0684931506849315
0.1975,0.4425,0.36,0.04636459430979979
0.1975,0.445,0.3575,0.04741833508956796
0.1975,0.4475,0.355,0.06006322444678609
0.1975,0.45,0.3525,0.05795574288724974
0.1975,0.4525,0.35,0.05795574288724974
0.1975,0.455,0.3475,0.045310853530031614
0.1975,0.4575,0.345,0.040042149631190724
0.1975,0.46,0.3425,0.022128556375131718
0.1975,0.4625,0.34,0.01053740779768177
0.1975,0.465,0.3375,0.006322444678609062
0.1975,0.4675,0.335,0.003161222339304531
0.1975,0.47,0.3325,0.003161222339304531
0.2,0.405,0.395,0.006322444678609062
0.2,0.4075,0.3925,0.04320337197049526
0.2,0.41,0.39,0.21285563751317177
0.2,0.4125,0.3875,0.47523709167544786
0.2,0.415,0.385,0.7492096944151738
0.2,0.4175,0.3825,0.8472075869336143
0.2,0.42,0.38,1.0
0.2,0.4225,0.3775,0.684931506849315
0.2,0.425,0.375,0.2623814541622761
0.2,0.4275,0.3725,0.1232876712328767
0.2,0.43,0.37,0.10326659641728135
0.2,0.4325,0.3675,0.0916754478398314
0.2,0.435,0.365,0.07270811380400422
0.2,0.4375,0.3625,0.07270811380400422
0.2,0.44,0.36,0.0684931506849315
0.2,0.4425,0.3575,0.06743940990516333
0.2,0.445,0.355,0.07692307692307693
0.2,0.4475,0.3525,0.0684931506849315
0.2,0.45,0.35,0.06217070600632244
0.2,0.4525,0.3475,0.03582718651211802
0.2,0.455,0.345,0.030558482613277135
0.2,0.4575,0.3425,0.015806111696522657
0.2,0.46,0.34,0.005268703898840885
0.2,0.4625,0.3375,0.001053740779768177
0.2025,0.4025,0.395,0.006322444678609062
0.2025,0.405,0.3925,0.04636459430979979
0.2025,0.4075,0.39,0.2297154899894626
0.2025,0.41,0.3875,0.5511064278187566
0.2025,0.4125,0.385,0.7608008429926238
0.2025,0.415,0.3825,0.8377239199157007
0.2025,0.4175,0.38,0.9157007376185459
0.2025,0.42,0.3775,0.7839831401475237
0.2025,0.4225,0.375,0.30453108535300316
0.2025,0.425,0.3725,0.13066385669125394
0.2025,0.4275,0.37,0.09694415173867228
0.2025,0.43,0.3675,0.08851422550052687
0.2025,0.4325,0.365,0.0874604847207587
0.2025,0.435,0.3625,0.0874604847207587
0.2025,0.4375,0.36,0.0737618545837724
0.2025,0.44,0.3575,0.07692307692307693
0.2025,0.4425,0.355,0.08008429926238145
0.2025,0.445,0.3525,0.07586933614330875
0.2025,0.4475,0.35,0.05795574288724974
0.2025,0.45,0.3475,0.0273972602739726
0.2025,0.4525,0.345,0.01791359325605901
0.2025,0.455,0.3425,0.0136986301369863
0.2025,0.4575,0.34,0.002107481559536354
0.2025,0.46,0.3375,0.001053740779768177
0.205,0.4,0.395,0.007376185458377239
0.205,0.4025,0.3925,0.06111696522655427
0.205,0.405,0.39,0.2718651211801897
0.205,0.4075,0.3875,0.5637513171759747
0.205,0.41,0.385,0.7713382507903056
0.205,0.4125,0.3825,0.7734457323498419
0.205,0.415,0.38,0.7713382507903056
0.205,0.4175,0.3775,0.7913593256059009
0.205,0.42,0.375,0.3530031612223393
0.205,0.4225,0.3725,0.1464699683877766
0.205,0.425,0.37,0.0916754478398314
0.205,0.4275,0.3675,0.09272918861959958
0.205,0.43,0.365,0.0916754478398314
0.205,0.4325,0.3625,0.10432033719704953
0.205,0.435,0.36,0.0874604847207587
0.205,0.4375,0.3575,0.0874604847207587
0.205,0.44,0.355,0.08956796628029505
0.205,0.4425,0.3525,0.05374077976817703
0.205,0.445,0.35,0.037934668071654375
0.205,0.4475,0.3475,0.015806111696522657
0.205,0.45,0.345,0.008429926238145416
0.205,0.4525,0.3425,0.002107481559536354
0.2075,0.395,0.3975,0.001053740779768177
0.2075,0.3975,0.395,0.011591148577449948
0.2075,0.4,0.3925,0.06954689146469968
0.2075,0.4025,0.39,0.3224446786090622
0.2075,0.405,0.3875,0.684931506849315
0.2075,0.4075,0.385,0.8335089567966281
0.2075,0.41,0.3825,0.7597471022128557
0.2075,0.4125,0.38,0.6891464699683878
0.2075,0.415,0.3775,0.7608008429926238
0.2075,0.4175,0.375,0.46469968387776606
0.2075,0.42,0.3725,0.1601685985247629
0.2075,0.4225,0.37,0.1380400421496312
0.2075,0.425,0.3675,0.13487881981032665
0.2075,0.4275,0.365,0.11696522655426765
0.2075,0.43,0.3625,0.1327713382507903
0.2075,0.4325,0.36,0.1095890410958904
0.2075,0.435,0.3575,0.09272918861959958
0.2075,0.4375,0.355,0.08113804004214963
0.2075,0.44,0.3525,0.03898840885142255
0.2075,0.4425,0.35,0.0136986301369863
0.2075,0.445,0.3475,0.011591148577449948
0.2075,0.4475,0.345,0.003161222339304531
0.2075,0.45,0.3425,0.001053740779768177
0.21,0.3925,0.3975,0.001053740779768177
0.21,0.395,0.395,0.012644889357218124
0.21,0.3975,0.3925,0.08008429926238145
0.21,0.4,0.39,0.2992623814541623
0.21,0.4025,0.3875,0.6501580611169653
0.21,0.405,0.385,0.9125395152792413
0.21,0.4075,0.3825,0.7913593256059009
0.21,0.41,0.38,0.6712328767123288
0.21,0.4125,0.3775,0.7070600632244468
0.21,0.415,0.375,0.5669125395152792
0.21,0.4175,0.3725,0.2160168598524763
0.21,0.42,0.37,0.15489989462592202
0.21,0.4225,0.3675,0.1380400421496312
0.21,0.425,0.365,0.1380400421496312
0.21,0.4275,0.3625,0.12750263435194942
0.21,0.43,0.36,0.12539515279241306
0.21,0.4325,0.3575,0.09694415173867228
0.21,0.435,0.355,0.06111696522655427
0.21,0.4375,0.3525,0.026343519494204427
0.21,0.44,0.35,0.009483667017913594
0.21,0.4425,0.3475,0.002107481559536354
0.2125,0.3925,0.395,0.01685985247629083
0.2125,0.395,0.3925,0.10221285563751317
0.2125,0.3975,0.39,0.31612223393045313
0.2125,0.4,0.3875,0.624868282402529
0.2125,0.4025,0.385,0.8124341412012644
0.2125,0.405,0.3825,0.7323498419388831
0.2125,0.4075,0.38,0.5900948366701791
0.2125,0.41,0.3775,0.6090621707060063
0.2125,0.4125,0.375,0.5995785036880927
0.2125,0.415,0.3725,0.303477344573235
0.2125,0.4175,0.37,0.17070600632244468
0.2125,0.42,0.3675,0.1559536354056902
0.2125,0.4225,0.365,0.1643835616438356
0.2125,0.425,0.3625,0.1380400421496312
0.2125,0.4275,0.36,0.11169652265542676
0.2125,0.43,0.3575,0.07481559536354057
0.2125,0.4325,0.355,0.03898840885142255
0.2125,0.435,0.3525,0.01791359325605901
0.2125,0.4375,0.35,0.007376185458377239
0.2125,0.44,0.3475,0.001053740779768177
0.215,0.39,0.395,0.01053740779768177
0.215,0.3925,0.3925,0.10432033719704953
0.215,0.395,0.39,0.3793466807165437
0.215,0.3975,0.3875,0.6912539515279241
0.215,0.4,0.385,0.8018967334035827
0.215,0.4025,0.3825,0.6807165437302424
0.215,0.405,0.38,0.5605900948366702
0.215,0.4075,0.3775,0.5511064278187566
0.215,0.41,0.375,0.58377239199157
0.215,0.4125,0.3725,0.4204425711275026
0.215,0.415,0.37,0.23076923076923078
0.215,0.4175,0.3675,0.19810326659641728
0.215,0.42,0.365,0.1886195995785037
0.215,0.4225,0.3625,0.14857744994731295
0.215,0.425,0.36,0.09694415173867228
0.215,0.4275,0.3575,0.051633298208640675
0.215,0.43,0.355,0.022128556375131718
0.215,0.4325,0.3525,0.01053740779768177
0.215,0.435,0.35,0.005268703898840885
0.215,0.4375,0.3475,0.002107481559536354
0.2175,0.3875,0.395,0.009483667017913594
0.2175,0.39,0.3925,0.0779768177028451
0.2175,0.3925,0.39,0.3793466807165437
0.2175,0.395,0.3875,0.7112750263435195
0.2175,0.3975,0.385,0.8419388830347735
0.2175,0.4,0.3825,0.6912539515279241
0.2175,0.4025,0.38,0.5047418335089568
0.2175,0.405,0.3775,0.5163329820864068
0.2175,0.4075,0.375,0.565858798735511
0.2175,0.41,0.3725,0.5426765015806112
0.2175,0.4125,0.37,0.3066385669125395
0.2175,0.415,0.3675,0.220231822971549
0.2175,0.4175,0.365,0.18229715489989462
0.2175,0.42,0.3625,0.136986301369863
0.2175,0.4225,0.36,0.06111696522655427
0.2175,0.425,0.3575,0.02845100105374078
0.2175,0.4275,0.355,0.014752370916754479
0.2175,0.43,0.3525,0.009483667017913594
0.22,0.385,0.395,0.007376185458377239
0.22,0.3875,0.3925,0.08008429926238145
0.22,0.39,0.39,0.38250790305584825
0.22,0.3925,0.3875,0.7355110642781876
0.22,0.395,0.385,0.8071654373024236
0.22,0.3975,0.3825,0.7449947312961012
0.22,0.4,0.38,0.5342465753424658
0.22,0.4025,0.3775,0.512118018967334
0.22,0.405,0.375,0.5331928345626976
0.22,0.4075,0.3725,0.5384615384615384
0.22,0.41,0.37,0.40569020021074814
0.22,0.4125,0.3675,0.2476290832455216
0.22,0.415,0.365,0.16332982086406744
0.22,0.4175,0.3625,0.08535300316122234
0.22,0.42,0.36,0.045310853530031614
0.22,0.4225,0.3575,0.011591148577449948
0.22,0.425,0.355,0.004214963119072708
0.22,0.4275,0.3525,0.003161222339304531
0.2225,0.3825,0.395,0.011591148577449948
0.2225,0.385,0.3925,0.10010537407797682
0.2225,0.3875,0.39,0.3835616438356164
0.2225,0.39,0.3875,0.7365648050579557
0.2225,0.3925,0.385,0.7829293993677555
0.2225,0.395,0.3825,0.6733403582718651
0.2225,0.3975,0.38,0.5574288724973656
0.2225,0.4,0.3775,0.5036880927291886
0.2225,0.4025,0.375,0.5047418335089568
0.2225,0.405,0.3725,0.5785036880927292
0.2225,0.4075,0.37,0.46259220231822973
0.2225,0.41,0.3675,0.2845100105374078
0.2225,0.4125,0.365,0.1475237091675448
0.2225,0.415,0.3625,0.07165437302423604
0.2225,0.4175,0.36,0.02107481559536354
0.2225,0.42,0.3575,0.008429926238145416
0.2225,0.4225,0.355,0.001053740779768177
0.2225,0.425,0.3525,0.001053740779768177
0.225,0.38,0.395,0.004214963119072708
0.225,0.3825,0.3925,0.07692307692307693
0.225,0.385,0.39,0.422550052687039
0.225,0.3875,0.3875,0.7492096944151738
0.225,0.39,0.385,0.804004214963119
0.225,0.3925,0.3825,0.6828240252897787
0.225,0.395,0.38,0.5458377239199157
0.225,0.3975,0.3775,0.5258166491043204
0.225,0.4,0.375,0.458377239199157
0.225,0.4025,0.3725,0.5005268703898841
0.225,0.405,0.37,0.48472075869336145
0.225,0.4075,0.3675,0.3171759747102213
0.225,0.41,0.365,0.1380400421496312
0.225,0.4125,0.3625,0.051633298208640675
0.225,0.415,0.36,0.011591148577449948
0.225,0.4175,0.3575,0.004214963119072708
0.225,0.42,0.355,0.002107481559536354
0.2275,0.3775,0.395,0.003161222339304531
0.2275,0.38,0.3925,0.05690200210748156
0.2275,0.3825,0.39,0.37829293993677554
0.2275,0.385,0.3875,0.7744994731296101
0.2275,0.3875,0.385,0.8356164383561644
0.2275,0.39,0.3825,0.7249736564805058
0.2275,0.3925,0.38,0.5542676501580611
0.2275,0.395,0.3775,0.49420442571127504
0.2275,0.3975,0.375,0.5068493150684932
0.2275,0.4,0.3725,0.4383561643835616
0.2275,0.4025,0.37,0.3814541622760801
0.2275,0.405,0.3675,0.2834562697576396
0.2275,0.4075,0.365,0.13066385669125394
0.2275,0.41,0.3625,0.0410958904109589
0.2275,0.4125,0.36,0.012644889357218124
0.2275,0.415,0.3575,0.004214963119072708
0.23,0.375,0.395,0.001053740779768177
0.23,0.3775,0.3925,0.051633298208640675
0.23,0.38,0.39,0.3382507903055848
0.23,0.3825,0.3875,0.7839831401475237
0.23,0.385,0.385,0.8672286617492097
0.23,0.3875,0.3825,0.7207586933614331
0.23,0.39,0.38,0.5964172813487882
0.23,0.3925,0.3775,0.48998946259220233
0.23,0.395,0.375,0.48472075869336145
0.23,0.3975,0.3725,0.45732349841938885
0.23,0.4,0.37,0.3192834562697576
0.23,0.4025,0.3675,0.19494204425711276
0.23,0.405,0.365,0.12644889357218125
0.23,0.4075,0.3625,0.04741833508956796
0.23,0.41,0.36,0.014752370916754479
0.23,0.4125,0.3575,0.004214963119072708
0.2325,0.375,0.3925,0.032665964172813484
0.2325,0.3775,0.39,0.30979978925184404
0.2325,0.38,0.3875,0.743940990516333
0.2325,0.3825,0.385,0.8651211801896733
0.2325,0.385,0.3825,0.7270811380400422
0.2325,0.3875,0.38,0.5985247629083246
0.2325,0.39,0.3775,0.5553213909378293
0.2325,0.3925,0.375,0.42360379346680715
0.2325,0.395,0.3725,0.3856691253951528
0.2325,0.3975,0.37,0.2781875658587987
0.2325,0.4,0.3675,0.19072708113804004
0.2325,0.4025,0.365,0.14541622760800843
0.2325,0.405,0.3625,0.0779768177028451
0.2325,0.4075,0.36,0.029504741833508957
0.2325,0.41,0.3575,0.014752370916754479
0.2325,0.4125,0.355,0.004214963119072708
0.235,0.3725,0.3925,0.022128556375131718
0.235,0.375,0.39,0.25395152792413067
0.235,0.3775,0.3875,0.7102212855637513
0.235,0.38,0.385,0.8746048472075869
0.235,0.3825,0.3825,0.7449947312961012
0.235,0.385,0.38,0.6269757639620653
0.235,0.3875,0.3775,0.5626975763962065
0.235,0.39,0.375,0.4520547945205479
0.235,0.3925,0.3725,0.3076923076923077
0.235,0.395,0.37,0.19388830347734456
0.235,0.3975,0.3675,0.14014752370916755
0.235,0.4,0.365,0.13909378292939936
0.235,0.4025,0.3625,0.0958904109589041
0.235,0.405,0.36,0.0410958904109589
0.235,0.4075,0.3575,0.023182297154899896
0.235,0.41,0.355,0.012644889357218124
0.235,0.4125,0.3525,0.003161222339304531
0.235,0.415,0.35,0.001053740779768177
0.235,0.4175,0.3475,0.001053740779768177
0.235,0.42,0.345,0.001053740779768177
0.2375,0.37,0.3925,0.007376185458377239
0.2375,0.3725,0.39,0.19810326659641728
0.2375,0.375,0.3875,0.6912539515279241
0.2375,0.3775,0.385,0.9062170706006323
0.2375,0.38,0.3825,0.7502634351949421
0.2375,0.3825,0.38,0.6206533192834562
0.2375,0.385,0.3775,0.547945205479452
0.2375,0.3875,0.375,0.39620653319283455
0.2375,0.39,0.3725,0.26765015806111697
0.2375,0.3925,0.37,0.1464699683877766
0.2375,0.395,0.3675,0.08851422550052687
0.2375,0.3975,0.365,0.08640674394099052
0.2375,0.4,0.3625,0.0821917808219178
0.2375,0.4025,0.36,0.05795574288724974
0.2375,0.405,0.3575,0.03371970495258166
0.2375,0.4075,0.355,0.014752370916754479
0.2375,0.41,0.3525,0.006322444678609062
0.2375,0.4125,0.35,0.002107481559536354
0.2375,0.415,0.3475,0.001053740779768177
0.2375,0.4175,0.345,0.001053740779768177
0.24,0.3675,0.3925,0.004214963119072708
0.24,0.37,0.39,0.1148577449947313
0.24,0.3725,0.3875,0.5858798735511064
0.24,0.375,0.385,0.9557428872497366
0.24,0.3775,0.3825,0.8145416227608009
0.24,0.38,0.38,0.6406743940990516
0.24,0.3825,0.3775,0.5827186512118019
0.24,0.385,0.375,0.3793466807165437
0.24,0.3875,0.3725,0.20442571127502634
0.24,0.39,0.37,0.10326659641728135
0.24,0.3925,0.3675,0.051633298208640675
0.24,0.395,0.365,0.0505795574288725
0.24,0.3975,0.3625,0.06743940990516333
0.24,0.4,0.36,0.0547945205479452
0.24,0.4025,0.3575,0.04636459430979979
0.24,0.405,0.355,0.015806111696522657
0.24,0.4075,0.3525,0.007376185458377239
0.24,0.41,0.35,0.004214963119072708
0.24,0.4125,0.3475,0.002107481559536354
0.2425,0.365,0.3925,0.001053740779768177
0.2425,0.3675,0.39,0.08535300316122234
0.2425,0.37,0.3875,0.4720758693361433
0.2425,0.3725,0.385,0.8914646996838778
0.2425,0.375,0.3825,0.8545837723919916
0.2425,0.3775,0.38,0.684931506849315
0.2425,0.38,0.3775,0.5342465753424658
0.2425,0.3825,0.375,0.33719704952581664
0.2425,0.385,0.3725,0.1601685985247629
0.2425,0.3875,0.37,0.0737618545837724
0.2425,0.39,0.3675,0.0410958904109589
0.2425,0.3925,0.365,0.02528977871443625
0.2425,0.395,0.3625,0.0368809272918862
0.2425,0.3975,0.36,0.0547945205479452
0.2425,0.4,0.3575,0.04636459430979979
0.2425,0.4025,0.355,0.026343519494204427
0.2425,0.405,0.3525,0.01791359325605901
0.2425,0.4075,0.35,0.009483667017913594
0.2425,0.41,0.3475,0.003161222339304531
0.2425,0.4125,0.345,0.003161222339304531
0.2425,0.415,0.3425,0.001053740779768177
0.245,0.365,0.39,0.03898840885142255
0.245,0.3675,0.3875,0.38250790305584825
0.245,0.37,0.385,0.8661749209694415
0.245,0.3725,0.3825,0.8324552160168599
0.245,0.375,0.38,0.6564805057955743
0.245,0.3775,0.3775,0.45732349841938885
0.245,0.38,0.375,0.28872497365648053
0.245,0.3825,0.3725,0.12750263435194942
0.245,0.385,0.37,0.07165437302423604
0.245,0.3875,0.3675,0.0410958904109589
0.245,0.39,0.365,0.03161222339304531
0.245,0.3925,0.3625,0.03161222339304531
0.245,0.395,0.36,0.037934668071654375
0.245,0.3975,0.3575,0.044257112750263436
0.245,0.4,0.355,0.03161222339304531
0.245,0.4025,0.3525,0.0273972602739726
0.245,0.405,0.35,0.011591148577449948
0.245,0.4075,0.3475,0.005268703898840885
0.245,0.41,0.345,0.003161222339304531
0.245,0.4125,0.3425,0.003161222339304531
0.2475,0.3625,0.39,0.012644889357218124
0.2475,0.365,0.3875,0.2929399367755532
0.2475,0.3675,0.385,0.8840885142255005
0.2475,0.37,0.3825,0.8893572181243414
0.2475,0.3725,0.38,0.6838777660695469
0.2475,0.375,0.3775,0.4541622760800843
0.2475,0.3775,0.375,0.25395152792413067
0.2475,0.38,0.3725,0.1232876712328767
0.2475,0.3825,0.37,0.06217070600632244
0.2475,0.385,0.3675,0.03477344573234984
0.2475,0.3875,0.365,0.0273972602739726
0.2475,0.39,0.3625,0.02423603793466807
0.2475,0.3925,0.36,0.02845100105374078
0.2475,0.395,0.3575,0.029504741833508957
0.2475,0.3975,0.355,0.0368809272918862
0.2475,0.4,0.3525,0.032665964172813484
0.2475,0.4025,0.35,0.0136986301369863
0.2475,0.405,0.3475,0.005268703898840885
0.2475,0.4075,0.345,0.003161222339304531
0.2475,0.41,0.3425,0.005268703898840885
0.2475,0.4125,0.34,0.001053740779768177
0.25,0.36,0.39,0.001053740779768177
0.25,0.3625,0.3875,0.1654373024236038
0.25,0.365,0.385,0.7608008429926238
0.25,0.3675,0.3825,0.964172813487882
0.25,0.37,0.38,0.6912539515279241
0.25,0.3725,0.3775,0.4720758693361433
0.25,0.375,0.375,0.19915700737618547
0.25,0.3775,0.3725,0.07692307692307693
0.25,0.38,0.37,0.04320337197049526
0.25,0.3825,0.3675,0.03582718651211802
0.25,0.385,0.365,0.03477344573234984
0.25,0.3875,0.3625,0.03582718651211802
0.25,0.39,0.36,0.02845100105374078
0.25,0.3925,0.3575,0.02528977871443625
0.25,0.395,0.355,0.01791359325605901
0.25,0.3975,0.3525,0.01685985247629083
0.25,0.4,0.35,0.01791359325605901
0.25,0.4025,0.3475,0.012644889357218124
0.25,0.405,0.345,0.004214963119072708
0.25,0.4075,0.3425,0.004214963119072708
0.25,0.41,0.34,0.002107481559536354
0.2525,0.36,0.3875,0.0737618545837724
0.2525,0.3625,0.385,0.5605900948366702
0.2525,0.365,0.3825,0.9030558482613277
0.2525,0.3675,0.38,0.7302423603793466
0.2525,0.37,0.3775,0.4520547945205479
0.2525,0.3725,0.375,0.18651211801896733
0.2525,0.375,0.3725,0.06111696522655427
0.2525,0.3775,0.37,0.03582718651211802
0.2525,0.38,0.3675,0.023182297154899896
0.2525,0.3825,0.365,0.022128556375131718
0.2525,0.385,0.3625,0.026343519494204427
0.2525,0.3875,0.36,0.0368809272918862
0.2525,0.39,0.3575,0.023182297154899896
0.2525,0.3925,0.355,0.020021074815595362
0.2525,0.395,0.3525,0.015806111696522657
0.2525,0.3975,0.35,0.014752370916754479
0.2525,0.4,0.3475,0.02107481559536354
0.2525,0.4025,0.345,0.015806111696522657
0.2525,0.405,0.3425,0.005268703898840885
0.2525,0.4075,0.34,0.003161222339304531
0.2525,0.41,0.3375,0.001053740779768177
0.2525,0.4125,0.335,0.001053740779768177
0.2525,0.415,0.3325,0.001053740779768177
0.255,0.3575,0.3875,0.01685985247629083
0.255,0.36,0.385,0.39304531085353
0.255,0.3625,0.3825,0.9388830347734457
0.255,0.365,0.38,0.7660695468914647
0.255,0.3675,0.3775,0.45521601685985247
0.255,0.37,0.375,0.1917808219178082
0.255,0.3725,0.3725,0.07481559536354057
0.255,0.375,0.37,0.02528977871443625
0.255,0.3775,0.3675,0.014752370916754479
0.255,0.38,0.365,0.015806111696522657
0.255,0.3825,0.3625,0.0136986301369863
0.255,0.385,0.36,0.01685985247629083
0.255,0.3875,0.3575,0.018967334035827187
0.255,0.39,0.355,0.0136986301369863
0.255,0.3925,0.3525,0.014752370916754479
0.255,0.395,0.35,0.011591148577449948
0.255,0.3975,0.3475,0.01053740779768177
0.255,0.4,0.345,0.0136986301369863
0.255,0.4025,0.3425,0.007376185458377239
0.255,0.405,0.34,0.003161222339304531
0.255,0.4075,0.3375,0.002107481559536354
0.255,0.41,0.335,0.001053740779768177
0.255,0.4125,0.3325,0.002107481559536354
0.255,0.4225,0.3225,0.002107481559536354
0.2575,0.355,0.3875,0.004214963119072708
0.2575,0.3575,0.385,0.1833508956796628
0.2575,0.36,0.3825,0.8356164383561644
0.2575,0.3625,0.38,0.8113804004214963
0.2575,0.365,0.3775,0.42781875658587987
0.2575,0.3675,0.375,0.16859852476290832
0.2575,0.37,0.3725,0.07270811380400422
0.2575,0.3725,0.37,0.029504741833508957
0.2575,0.375,0.3675,0.014752370916754479
0.2575,0.3775,0.365,0.018967334035827187
0.2575,0.38,0.3625,0.014752370916754479
0.2575,0.3825,0.36,0.009483667017913594
0.2575,0.385,0.3575,0.015806111696522657
0.2575,0.3875,0.355,0.0136986301369863
0.2575,0.39,0.3525,0.01053740779768177
0.2575,0.3925,0.35,0.007376185458377239
0.2575,0.395,0.3475,0.006322444678609062
0.2575,0.3975,0.345,0.008429926238145416
0.2575,0.4,0.3425,0.004214963119072708
0.2575,0.4025,0.34,0.002107481559536354
0.2575,0.405,0.3375,0.003161222339304531
0.2575,0.4075,0.335,0.001053740779768177
0.2575,0.41,0.3325,0.001053740779768177
0.2575,0.4175,0.325,0.001053740779768177
0.2575,0.42,0.3225,0.002107481559536354
0.2575,0.4225,0.32,0.002107481559536354
0.26,0.355,0.385,0.05795574288724974
0.26,0.3575,0.3825,0.6659641728134879
0.26,0.36,0.38,0.8524762908324552
0.26,0.3625,0.3775,0.4214963119072708
0.26,0.365,0.375,0.15911485774499473
0.26,0.3675,0.3725,0.05374077976817703
0.26,0.37,0.37,0.02423603793466807
0.26,0.3725,0.3675,0.012644889357218124
0.26,0.375,0.365,0.0136986301369863
0.26,0.3775,0.3625,0.01685985247629083
0.26,0.38,0.36,0.012644889357218124
0.26,0.3825,0.3575,0.007376185458377239
0.26,0.385,0.355,0.004214963119072708
0.26,0.3875,0.3525,0.008429926238145416
0.26,0.39,0.35,0.007376185458377239
0.26,0.3925,0.3475,0.004214963119072708
0.26,0.395,0.345,0.006322444678609062
0.26,0.3975,0.3425,0.006322444678609062
0.26,0.4,0.34,0.003161222339304531
0.26,0.4025,0.3375,0.001053740779768177
0.26,0.405,0.335,0.002107481559536354
0.26,0.4075,0.3325,0.002107481559536354
0.26,0.415,0.325,0.001053740779768177
0.26,0.4175,0.3225,0.001053740779768177
0.26,0.42,0.32,0.001053740779768177
0.26,0.4225,0.3175,0.001053740779768177
0.2625,0.3525,0.385,0.007376185458377239
0.2625,0.355,0.3825,0.43414120126448896
0.2625,0.3575,0.38,0.9251844046364595
0.2625,0.36,0.3775,0.4499473129610116
0.2625,0.3625,0.375,0.15279241306638566
0.2625,0.365,0.3725,0.05584826132771338
0.2625,0.3675,0.37,0.02528977871443625
0.2625,0.37,0.3675,0.018967334035827187
0.2625,0.3725,0.365,0.011591148577449948
0.2625,0.375,0.3625,0.011591148577449948
0.2625,0.3775,0.36,0.015806111696522657
0.2625,0.38,0.3575,0.009483667017913594
0.2625,0.3825,0.355,0.004214963119072708
0.2625,0.385,0.3525,0.009483667017913594
0.2625,0.3875,0.35,0.01053740779768177
0.2625,0.39,0.3475,0.007376185458377239
0.2625,0.3925,0.345,0.003161222339304531
0.2625,0.395,0.3425,0.006322444678609062
0.2625,0.3975,0.34,0.005268703898840885
0.2625,0.4,0.3375,0.004214963119072708
0.2625,0.4025,0.335,0.001053740779768177
0.2625,0.405,0.3325,0.003161222339304531
0.2625,0.4075,0.33,0.001053740779768177
0.2625,0.42,0.3175,0.001053740779768177
0.265,0.3525,0.3825,0.1643835616438356
0.265,0.355,0.38,0.8177028451001054
0.265,0.3575,0.3775,0.5753424657534246
0.265,0.36,0.375,0.15700737618545837
0.265,0.3625,0.3725,0.06322444678609063
0.265,0.365,0.37,0.03371970495258166
0.265,0.3675,0.3675,0.023182297154899896
0.265,0.37,0.365,0.022128556375131718
0.265,0.3725,0.3625,0.01685985247629083
0.265,0.375,0.36,0.0136986301369863
0.265,0.3775,0.3575,0.007376185458377239
0.265,0.38,0.355,0.004214963119072708
0.265,0.3825,0.3525,0.006322444678609062
0.265,0.385,0.35,0.006322444678609062
0.265,0.3875,0.3475,0.007376185458377239
0.265,0.39,0.345,0.009483667017913594
0.265,0.3925,0.3425,0.007376185458377239
0.265,0.395,0.34,0.008429926238145416
0.265,0.3975,0.3375,0.003161222339304531
0.265,0.4,0.335,0.001053740779768177
0.265,0.4025,0.3325,0.003161222339304531
0.265,0.405,0.33,0.003161222339304531
0.265,0.4075,0.3275,0.001053740779768177
0.2675,0.35,0.3825,0.030558482613277135
0.2675,0.3525,0.38,0.5553213909378293
0.2675,0.355,0.3775,0.6870389884088515
0.2675,0.3575,0.375,0.20126448893572182
0.2675,0.36,0.3725,0.06217070600632244
0.2675,0.3625,0.37,0.029504741833508957
0.2675,0.365,0.3675,0.022128556375131718
0.2675,0.3675,0.365,0.009483667017913594
0.2675,0.37,0.3625,0.015806111696522657
0.2675,0.3725,0.36,0.011591148577449948
0.2675,0.375,0.3575,0.007376185458377239
0.2675,0.3775,0.355,0.002107481559536354
0.2675,0.38,0.3525,0.005268703898840885
0.2675,0.3825,0.35,0.005268703898840885
0.2675,0.385,0.3475,0.001053740779768177
0.2675,0.3875,0.345,0.005268703898840885
0.2675,0.39,0.3425,0.005268703898840885
0.2675,0.3925,0.34,0.008429926238145416
0.2675,0.395,0.3375,0.005268703898840885
0.2675,0.3975,0.335,0.001053740779768177
0.2675,0.4,0.3325,0.003161222339304531
0.2675,0.4025,0.33,0.001053740779768177
0.2675,0.4075,0.325,0.001053740779768177
0.2675,0.415,0.3175,0.001053740779768177
0.2675,0.4175,0.315,0.001053740779768177
0.27,0.35,0.38,0.22760800842992623
0.27,0.3525,0.3775,0.6923076923076923
0.27,0.355,0.375,0.2834562697576396
0.27,0.3575,0.3725,0.0737618545837724
0.27,0.36,0.37,0.03371970495258166
0.27,0.3625,0.3675,0.023182297154899896
0.27,0.365,0.365,0.014752370916754479
0.27,0.3675,0.3625,0.014752370916754479
0.27,0.37,0.36,0.011591148577449948
0.27,0.3725,0.3575,0.005268703898840885
0.27,0.375,0.355,0.003161222339304531
0.27,0.3775,0.3525,0.005268703898840885
0.27,0.38,0.35,0.006322444678609062
0.27,0.3825,0.3475,0.001053740779768177
0.27,0.385,0.345,0.002107481559536354
0.27,0.3875,0.3425,0.001053740779768177
0.27,0.39,0.34,0.003161222339304531
0.27,0.3925,0.3375,0.005268703898840885
0.27,0.395,0.335,0.003161222339304531
0.27,0.3975,0.3325,0.005268703898840885
0.27,0.4,0.33,0.001053740779768177
0.27,0.4025,0.3275,0.001053740779768177
0.27,0.405,0.325,0.003161222339304531
0.27,0.4075,0.3225,0.001053740779768177
0.27,0.4125,0.3175,0.001053740779768177
0.27,0.415,0.315,0.001053740779768177
0.2725,0.3475,0.38,0.023182297154899896
0.2725,0.35,0.3775,0.49841938883034775
0.2725,0.3525,0.375,0.4541622760800843
0.2725,0.355,0.3725,0.0916754478398314
0.2725,0.3575,0.37,0.032665964172813484
0.2725,0.36,0.3675,0.023182297154899896
0.2725,0.3625,0.365,0.020021074815595362
0.2725,0.365,0.3625,0.01791359325605901
0.2725,0.3675,0.36,0.015806111696522657
0.2725,0.37,0.3575,0.004214963119072708
0.2725,0.3725,0.355,0.004214963119072708
0.2725,0.375,0.3525,0.001053740779768177
0.2725,0.3775,0.35,0.005268703898840885
0.2725,0.38,0.3475,0.002107481559536354
0.2725,0.385,0.3425,0.001053740779768177
0.2725,0.39,0.3375,0.001053740779768177
0.2725,0.3925,0.335,0.001053740779768177
0.2725,0.395,0.3325,0.004214963119072708
0.2725,0.3975,0.33,0.002107481559536354
0.2725,0.4025,0.325,0.002107481559536354
0.2725,0.405,0.3225,0.001053740779768177
0.2725,0.41,0.3175,0.001053740779768177
0.2725,0.4125,0.315,0.001053740779768177
0.275,0.3475,0.3775,0.24446786090621708
0.275,0.35,0.375,0.5489989462592202
0.275,0.3525,0.3725,0.13909378292939936
0.275,0.355,0.37,0.037934668071654375
0.275,0.3575,0.3675,0.02107481559536354
0.275,0.36,0.365,0.01685985247629083
0.275,0.3625,0.3625,0.0136986301369863
0.275,0.365,0.36,0.008429926238145416
0.275,0.3675,0.3575,0.006322444678609062
0.275,0.37,0.355,0.004214963119072708
0.275,0.3725,0.3525,0.003161222339304531
0.275,0.375,0.35,0.003161222339304531
0.275,0.3775,0.3475,0.003161222339304531
0.275,0.38,0.345,0.001053740779768177
0.275,0.3825,0.3425,0.002107481559536354
0.275,0.385,0.34,0.002107481559536354
0.275,0.39,0.335,0.002107481559536354
0.275,0.3925,0.3325,0.004214963119072708
0.275,0.395,0.33,0.003161222339304531
0.275,0.3975,0.3275,0.001053740779768177
0.275,0.4,0.325,0.001053740779768177
0.275,0.4075,0.3175,0.001053740779768177
0.2775,0.345,0.3775,0.0136986301369863
0.2775,0.3475,0.375,0.4035827186512118
0.2775,0.35,0.3725,0.2507903055848261
0.2775,0.3525,0.37,0.0368809272918862
0.2775,0.355,0.3675,0.023182297154899896
0.2775,0.3575,0.365,0.014752370916754479
0.2775,0.36,0.3625,0.015806111696522657
0.2775,0.3625,0.36,0.009483667017913594
0.2775,0.365,0.3575,0.003161222339304531
0.2775,0.3675,0.355,0.004214963119072708
0.2775,0.37,0.3525,0.003161222339304531
0.2775,0.3725,0.35,0.002107481559536354
0.2775,0.375,0.3475,0.004214963119072708
0.2775,0.3775,0.345,0.003161222339304531
0.2775,0.38,0.3425,0.002107481559536354
0.2775,0.3825,0.34,0.001053740779768177
0.2775,0.3875,0.335,0.002107481559536354
0.2775,0.39,0.3325,0.003161222339304531
0.2775,0.3925,0.33,0.003161222339304531
0.2775,0.395,0.3275,0.001053740779768177
0.2775,0.3975,0.325,0.001053740779768177
0.2775,0.4,0.3225,0.001053740779768177
0.2775,0.405,0.3175,0.001053740779768177
0.2775,0.4075,0.315,0.001053740779768177
0.28,0.345,0.375,0.17070600632244468
0.28,0.3475,0.3725,0.38672286617492097
0.28,0.35,0.37,0.08956796628029505
0.28,0.3525,0.3675,0.02423603793466807
0.28,0.355,0.365,0.0136986301369863
0.28,0.3575,0.3625,0.008429926238145416
0.28,0.36,0.36,0.012644889357218124
0.28,0.3625,0.3575,0.006322444678609062
0.28,0.365,0.355,0.001053740779768177
0.28,0.3675,0.3525,0.003161222339304531
0.28,0.37,0.35,0.001053740779768177
0.28,0.3725,0.3475,0.003161222339304531
0.28,0.375,0.345,0.003161222339304531
0.28,0.3775,0.3425,0.004214963119072708
0.28,0.38,0.34,0.002107481559536354
0.28,0.385,0.335,0.002107481559536354
0.28,0.3875,0.3325,0.001053740779768177
0.2825,0.345,0.3725,0.29083245521601686
0.2825,0.3475,0.37,0.2054794520547945
0.2825,0.35,0.3675,0.03898840885142255
0.2825,0.3525,0.365,0.012644889357218124
0.2825,0.355,0.3625,0.011591148577449948
0.2825,0.3575,0.36,0.006322444678609062
0.2825,0.36,0.3575,0.006322444678609062
0.2825,0.3625,0.355,0.002107481559536354
0.2825,0.365,0.3525,0.004214963119072708
0.2825,0.3675,0.35,0.004214963119072708
0.2825,0.37,0.3475,0.001053740779768177
0.2825,0.3725,0.345,0.001053740779768177
0.2825,0.375,0.3425,0.004214963119072708
0.2825,0.3775,0.34,0.001053740779768177
0.2825,0.3825,0.335,0.001053740779768177
0.2825,0.3875,0.33,0.001053740779768177
0.285,0.3425,0.3725,0.0874604847207587
0.285,0.345,0.37,0.2876712328767123
0.285,0.3475,0.3675,0.05690200210748156
0.285,0.35,0.365,0.02107481559536354
0.285,0.3525,0.3625,0.009483667017913594
0.285,0.355,0.36,0.01053740779768177
0.285,0.3575,0.3575,0.007376185458377239
0.285,0.36,0.355,0.004214963119072708
0.285,0.3625,0.3525,0.004214963119072708
0.285,0.365,0.35,0.004214963119072708
0.285,0.3675,0.3475,0.002107481559536354
0.285,0.37,0.345,0.001053740779768177
0.285,0.3725,0.3425,0.003161222339304531
0.285,0.375,0.34,0.003161222339304531
0.285,0.3775,0.3375,0.001053740779768177
0.285,0.385,0.33,0.001053740779768177
0.285,0.3875,0.3275,0.001053740779768177
0.2875,0.3425,0.37,0.17386722866174922
0.2875,0.345,0.3675,0.19388830347734456
0.2875,0.3475,0.365,0.03477344573234984
0.2875,0.35,0.3625,0.01791359325605901
0.2875,0.3525,0.36,0.007376185458377239
0.2875,0.355,0.3575,0.01053740779768177
0.2875,0.3575,0.355,0.006322444678609062
0.2875,0.36,0.3525,0.003161222339304531
0.2875,0.3625,0.35,0.004214963119072708
0.2875,0.365,0.3475,0.002107481559536354
0.2875,0.3675,0.345,0.001053740779768177
0.2875,0.37,0.3425,0.002107481559536354
0.2875,0.3725,0.34,0.002107481559536354
0.2875,0.375,0.3375,0.003161222339304531
0.2875,0.3775,0.335,0.001053740779768177
0.2875,0.39,0.3225,0.001053740779768177
0.29,0.3425,0.3675,0.12118018967334036
0.29,0.345,0.365,0.06217070600632244
0.29,0.3475,0.3625,0.022128556375131718
0.29,0.35,0.36,0.009483667017913594
0.29,0.3525,0.3575,0.009483667017913594
0.29,0.355,0.355,0.002107481559536354
0.29,0.3575,0.3525,0.003161222339304531
0.29,0.36,0.35,0.003161222339304531
0.29,0.3625,0.3475,0.003161222339304531
0.29,0.365,0.345,0.001053740779768177
0.29,0.3675,0.3425,0.001053740779768177
0.29,0.37,0.34,0.001053740779768177
0.29,0.3725,0.3375,0.002107481559536354
0.29,0.39,0.32,0.001053740779768177
0.2925,0.34,0.3675,0.0410958904109589
0.2925,0.3425,0.365,0.10326659641728135
0.2925,0.345,0.3625,0.03477344573234984
0.2925,0.3475,0.36,0.006322444678609062
0.2925,0.35,0.3575,0.007376185458377239
0.2925,0.3525,0.355,0.003161222339304531
0.2925,0.355,0.3525,0.002107481559536354
0.2925,0.3575,0.35,0.005268703898840885
0.2925,0.36,0.3475,0.001053740779768177
0.2925,0.3625,0.345,0.002107481559536354
0.2925,0.365,0.3425,0.002107481559536354
0.2925,0.37,0.3375,0.001053740779768177
0.2925,0.3725,0.335,0.003161222339304531
0.2925,0.38,0.3275,0.001053740779768177
0.2925,0.3825,0.325,0.001053740779768177
0.295,0.34,0.365,0.04952581664910432
0.295,0.3425,0.3625,0.07903055848261328
0.295,0.345,0.36,0.026343519494204427
0.295,0.3475,0.3575,0.009483667017913594
0.295,0.35,0.355,0.004214963119072708
0.295,0.3525,0.3525,0.004214963119072708
0.295,0.355,0.35,0.003161222339304531
0.295,0.3575,0.3475,0.001053740779768177
0.295,0.36,0.345,0.001053740779768177
0.295,0.3625,0.3425,0.002107481559536354
0.295,0.365,0.34,0.003161222339304531
0.295,0.37,0.335,0.003161222339304531
0.295,0.3725,0.3325,0.003161222339304531
0.295,0.38,0.325,0.001053740779768177
0.2975,0.34,0.3625,0.04214963119072708
0.2975,0.3425,0.36,0.03898840885142255
0.2975,0.345,0.3575,0.0136986301369863
0.2975,0.3475,0.355,0.002107481559536354
0.2975,0.35,0.3525,0.004214963119072708
0.2975,0.3525,0.35,0.003161222339304531
0.2975,0.3575,0.345,0.001053740779768177
0.2975,0.36,0.3425,0.001053740779768177
0.2975,0.3625,0.34,0.002107481559536354
0.2975,0.365,0.3375,0.001053740779768177
0.2975,0.37,0.3325,0.001053740779768177
0.3,0.3375,0.3625,0.009483667017913594
0.3,0.34,0.36,0.032665964172813484
0.3,0.3425,0.3575,0.023182297154899896
0.3,0.345,0.355,0.008429926238145416
0.3,0.3475,0.3525,0.004214963119072708
0.3,0.35,0.35,0.005268703898840885
0.3,0.3525,0.3475,0.004214963119072708
0.3,0.355,0.345,0.001053740779768177
0.3,0.3575,0.3425,0.002107481559536354
0.3,0.3825,0.3175,0.001053740779768177
0.3025,0.3375,0.36,0.008429926238145416
0.3025,0.34,0.3575,0.01791359325605901
0.3025,0.3425,0.355,0.01685985247629083
0.3025,0.345,0.3525,0.005268703898840885
0.3025,0.3475,0.35,0.004214963119072708
0.3025,0.35,0.3475,0.006322444678609062
0.3025,0.355,0.3425,0.003161222339304531
0.3025,0.3575,0.34,0.002107481559536354
0.3025,0.36,0.3375,0.001053740779768177
0.3025,0.3625,0.335,0.001053740779768177
0.3025,0.38,0.3175,0.001053740779768177
0.3025,0.3825,0.315,0.001053740779768177
0.305,0.3375,0.3575,0.008429926238145416
0.305,0.34,0.355,0.022128556375131718
0.305,0.3425,0.3525,0.011591148577449948
0.305,0.345,0.35,0.005268703898840885
0.305,0.3475,0.3475,0.006322444678609062
0.305,0.35,0.345,0.004214963119072708
0.305,0.3525,0.3425,0.002107481559536354
0.305,0.355,0.34,0.002107481559536354
0.305,0.3575,0.3375,0.002107481559536354
0.305,0.36,0.335,0.001053740779768177
0.3075,0.3375,0.355,0.011591148577449948
0.3075,0.34,0.3525,0.015806111696522657
0.3075,0.3425,0.35,0.01053740779768177
0.3075,0.345,0.3475,0.009483667017913594
0.3075,0.3475,0.345,0.006322444678609062
0.3075,0.35,0.3425,0.003161222339304531
0.3075,0.3525,0.34,0.001053740779768177
0.3075,0.355,0.3375,0.002107481559536354
0.3075,0.3575,0.335,0.001053740779768177
0.31,0.3375,0.3525,0.002107481559536354
0.31,0.34,0.35,0.007376185458377239
0.31,0.3425,0.3475,0.008429926238145416
0.31,0.345,0.345,0.005268703898840885
0.31,0.3475,0.3425,0.001053740779768177
0.31,0.355,0.335,0.001053740779768177
0.31,0.3575,0.3325,0.001053740779768177
0.3125,0.335,0.3525,0.001053740779768177
0.3125,0.3375,0.35,0.003161222339304531
0.3125,0.34,0.3475,0.003161222339304531
0.3125,0.3425,0.345,0.005268703898840885
0.3125,0.355,0.3325,0.001053740779768177
0.315,0.335,0.35,0.001053740779768177
0.315,0.3375,0.3475,0.002107481559536354
0.315,0.34,0.345,0.004214963119072708
0.315,0.3425,0.3425,0.003161222339304531
0.315,0.345,0.34,0.001053740779768177
0.3175,0.3375,0.345,0.001053740779768177
0.3175,0.3425,0.34,0.002107481559536354
0.3175,0.345,0.3375,0.001053740779768177
0.3175,0.35,0.3325,0.001053740779768177
0.3175,0.3525,0.33,0.001053740779768177
0.3175,0.3575,0.325,0.001053740779768177
0.3175,0.3675,0.315,0.001053740779768177
0.3175,0.37,0.3125,0.001053740779768177
0.32,0.3425,0.3375,0.001053740779768177
0.32,0.355,0.325,0.001053740779768177
0.32,0.3575,0.3225,0.001053740779768177
0.32,0.3675,0.3125,0.001053740779768177
0.3225,0.355,0.3225,0.001053740779768177
0.3225,0.3575,0.32,0.001053740779768177
0.325,0.35,0.325,0.001053740779768177
0.325,0.3525,0.3225,0.001053740779768177
0.325,0.355,0.32,0.001053740779768177
0.3275,0.35,0.3225,0.001053740779768177
0.33,0.35,0.32,0.001053740779768177
0.33,0.3525,0.3175,0.001053740779768177
0.3325,0.35,0.3175,0.001053740779768177
0.34,0.355,0.305,0.001053740779768177
0.34,0.3575,0.3025,0.001053740779768177
0.3425,0.355,0.3025,0.001053740779768177
