0.5175,0.2325,0.25,0.001589825119236884
0.52,0.2,0.28,0.001589825119236884
0.52,0.2025,0.2775,0.001589825119236884
0.52,0.2075,0.2725,0.001589825119236884
0.52,0.2125,0.2675,0.001589825119236884
0.52,0.215,0.265,0.001589825119236884
0.52,0.2175,0.2625,0.001589825119236884
0.52,0.2225,0.2575,0.001589825119236884
0.52,0.23,0.25,0.001589825119236884
0.52,0.2325,0.2475,0.001589825119236884
0.52,0.2375,0.2425,0.001589825119236884
0.52,0.245,0.235,0.001589825119236884
0.52,0.25,0.23,0.001589825119236884
0.52,0.255,0.225,0.001589825119236884
0.52,0.2575,0.2225,0.001589825119236884
0.5225,0.1675,0.31,0.001589825119236884
0.5225,0.19,0.2875,0.001589825119236884
0.5225,0.1925,0.285,0.003179650238473768
0.5225,0.195,0.2825,0.001589825119236884
0.5225,0.2025,0.275,0.001589825119236884
0.5225,0.205,0.2725,0.0047694753577106515
0.5225,0.2075,0.27,0.003179650238473768
0.5225,0.21,0.2675,0.003179650238473768
0.5225,0.2125,0.265,0.003179650238473768
0.5225,0.215,0.2625,0.006359300476947536
0.5225,0.2175,0.26,0.006359300476947536
0.5225,0.22,0.2575,0.003179650238473768
0.5225,0.2225,0.255,0.006359300476947536
0.5225,0.225,0.2525,0.006359300476947536
0.5225,0.2275,0.25,0.006359300476947536
0.5225,0.23,0.2475,0.001589825119236884
0.5225,0.2325,0.245,0.003179650238473768
0.5225,0.235,0.2425,0.003179650238473768
0.5225,0.2375,0.24,0.001589825119236884
0.5225,0.2425,0.235,0.003179650238473768
0.5225,0.245,0.2325,0.001589825119236884
0.5225,0.2475,0.23,0.0047694753577106515
0.5225,0.25,0.2275,0.003179650238473768
0.5225,0.255,0.2225,0.001589825119236884
0.5225,0.265,0.2125,0.001589825119236884
0.5225,0.2675,0.21,0.001589825119236884
0.5225,0.27,0.2075,0.001589825119236884
0.5225,0.2725,0.205,0.001589825119236884
0.525,0.1625,0.3125,0.001589825119236884
0.525,0.165,0.31,0.001589825119236884
0.525,0.1675,0.3075,0.001589825119236884
0.525,0.1725,0.3025,0.001589825119236884
0.525,0.175,0.3,0.001589825119236884
0.525,0.1775,0.2975,0.003179650238473768
0.525,0.18,0.295,0.006359300476947536
0.525,0.1825,0.2925,0.001589825119236884
0.525,0.185,0.29,0.001589825119236884
0.525,0.1875,0.2875,0.003179650238473768
0.525,0.19,0.285,0.003179650238473768
0.525,0.1925,0.2825,0.012718600953895072
0.525,0.195,0.28,0.00794912559618442
0.525,0.1975,0.2775,0.0047694753577106515
0.525,0.2,0.275,0.006359300476947536
0.525,0.2025,0.2725,0.009538950715421303
0.525,0.205,0.27,0.001589825119236884
0.525,0.2075,0.2675,0.0047694753577106515
0.525,0.21,0.265,0.0047694753577106515
0.525,0.2125,0.2625,0.006359300476947536
0.525,0.215,0.26,0.009538950715421303
0.525,0.2175,0.2575,0.006359300476947536
0.525,0.22,0.255,0.00794912559618442
0.525,0.2225,0.2525,0.00794912559618442
0.525,0.225,0.25,0.01589825119236884
0.525,0.2275,0.2475,0.009538950715421303
0.525,0.23,0.245,0.0047694753577106515
0.525,0.2325,0.2425,0.0047694753577106515
0.525,0.235,0.24,0.001589825119236884
0.525,0.2375,0.2375,0.003179650238473768
0.525,0.24,0.235,0.006359300476947536
0.525,0.2425,0.2325,0.006359300476947536
0.525,0.245,0.23,0.006359300476947536
0.525,0.2475,0.2275,0.0047694753577106515
0.525,0.25,0.225,0.003179650238473768
0.525,0.2525,0.2225,0.001589825119236884
0.525,0.255,0.22,0.006359300476947536
0.525,0.2575,0.2175,0.0047694753577106515
0.525,0.26,0.215,0.003179650238473768
0.525,0.2625,0.2125,0.0047694753577106515
0.525,0.265,0.21,0.003179650238473768
0.525,0.2675,0.2075,0.006359300476947536
0.525,0.27,0.205,0.0047694753577106515
0.525,0.2725,0.2025,0.003179650238473768
0.525,0.275,0.2,0.003179650238473768
0.525,0.2875,0.1875,0.001589825119236884
0.525,0.29,0.185,0.001589825119236884
0.525,0.3125,0.1625,0.001589825119236884
0.5275,0.1575,0.315,0.001589825119236884
0.5275,0.16,0.3125,0.003179650238473768
0.5275,0.1625,0.31,0.001589825119236884
0.5275,0.1675,0.305,0.001589825119236884
0.5275,0.1725,0.3,0.003179650238473768
0.5275,0.175,0.2975,0.001589825119236884
0.5275,0.1775,0.295,0.006359300476947536
0.5275,0.18,0.2925,0.009538950715421303
0.5275,0.1825,0.29,0.0047694753577106515
0.5275,0.185,0.2875,0.0047694753577106515
0.5275,0.1875,0.285,0.00794912559618442
0.5275,0.19,0.2825,0.0047694753577106515
0.5275,0.1925,0.28,0.01589825119236884
0.5275,0.195,0.2775,0.014308426073131956
0.5275,0.1975,0.275,0.017488076311605722
0.5275,0.2,0.2725,0.01589825119236884
0.5275,0.2025,0.27,0.01589825119236884
0.5275,0.205,0.2675,0.011128775834658187
0.5275,0.2075,0.265,0.014308426073131956
0.5275,0.21,0.2625,0.012718600953895072
0.5275,0.2125,0.26,0.02066772655007949
0.5275,0.215,0.2575,0.019077901430842606
0.5275,0.2175,0.255,0.02384737678855326
0.5275,0.22,0.2525,0.014308426073131956
0.5275,0.2225,0.25,0.019077901430842606
0.5275,0.225,0.2475,0.02702702702702703
0.5275,0.2275,0.245,0.019077901430842606
0.5275,0.23,0.2425,0.012718600953895072
0.5275,0.2325,0.24,0.009538950715421303
0.5275,0.235,0.2375,0.012718600953895072
0.5275,0.2375,0.235,0.014308426073131956
0.5275,0.24,0.2325,0.017488076311605722
0.5275,0.2425,0.23,0.009538950715421303
0.5275,0.245,0.2275,0.009538950715421303
0.5275,0.2475,0.225,0.014308426073131956
0.5275,0.25,0.2225,0.012718600953895072
0.5275,0.2525,0.22,0.009538950715421303
0.5275,0.255,0.2175,0.012718600953895072
0.5275,0.2575,0.215,0.012718600953895072
0.5275,0.26,0.2125,0.01589825119236884
0.5275,0.2625,0.21,0.006359300476947536
0.5275,0.265,0.2075,0.006359300476947536
0.5275,0.2675,0.205,0.009538950715421303
0.5275,0.27,0.2025,0.0047694753577106515
0.5275,0.2725,0.2,0.00794912559618442
0.5275,0.275,0.1975,0.00794912559618442
0.5275,0.2775,0.195,0.0047694753577106515
0.5275,0.285,0.1875,0.006359300476947536
0.5275,0.2875,0.185,0.00794912559618442
0.5275,0.29,0.1825,0.001589825119236884
0.5275,0.2925,0.18,0.001589825119236884
0.5275,0.31,0.1625,0.001589825119236884
0.5275,0.3125,0.16,0.001589825119236884
0.53,0.155,0.315,0.001589825119236884
0.53,0.1575,0.3125,0.003179650238473768
0.53,0.16,0.31,0.003179650238473768
0.53,0.1625,0.3075,0.0047694753577106515
0.53,0.165,0.305,0.0047694753577106515
0.53,0.1675,0.3025,0.001589825119236884
0.53,0.17,0.3,0.003179650238473768
0.53,0.1725,0.2975,0.0047694753577106515
0.53,0.175,0.295,0.006359300476947536
0.53,0.1775,0.2925,0.011128775834658187
0.53,0.18,0.29,0.014308426073131956
0.53,0.1825,0.2875,0.011128775834658187
0.53,0.185,0.285,0.022257551669316374
0.53,0.1875,0.2825,0.02384737678855326
0.53,0.19,0.28,0.012718600953895072
0.53,0.1925,0.2775,0.017488076311605722
0.53,0.195,0.275,0.02384737678855326
0.53,0.1975,0.2725,0.028616852146263912
0.53,0.2,0.27,0.028616852146263912
0.53,0.2025,0.2675,0.034976152623211444
0.53,0.205,0.265,0.033386327503974564
0.53,0.2075,0.2625,0.030206677265500796
0.53,0.21,0.26,0.02384737678855326
0.53,0.2125,0.2575,0.03179650238473768
0.53,0.215,0.255,0.04769475357710652
0.53,0.2175,0.2525,0.03179650238473768
0.53,0.22,0.25,0.03815580286168521
0.53,0.2225,0.2475,0.0397456279809221
0.53,0.225,0.245,0.046104928457869634
0.53,0.2275,0.2425,0.04769475357710652
0.53,0.23,0.24,0.0397456279809221
0.53,0.2325,0.2375,0.034976152623211444
0.53,0.235,0.235,0.028616852146263912
0.53,0.2375,0.2325,0.034976152623211444
0.53,0.24,0.23,0.034976152623211444
0.53,0.2425,0.2275,0.02066772655007949
0.53,0.245,0.225,0.03179650238473768
0.53,0.2475,0.2225,0.034976152623211444
0.53,0.25,0.22,0.033386327503974564
0.53,0.2525,0.2175,0.02702702702702703
0.53,0.255,0.215,0.025437201907790145
0.53,0.2575,0.2125,0.019077901430842606
0.53,0.26,0.21,0.025437201907790145
0.53,0.2625,0.2075,0.014308426073131956
0.53,0.265,0.205,0.011128775834658187
0.53,0.2675,0.2025,0.012718600953895072
0.53,0.27,0.2,0.014308426073131956
0.53,0.2725,0.1975,0.011128775834658187
0.53,0.275,0.195,0.011128775834658187
0.53,0.2775,0.1925,0.006359300476947536
0.53,0.28,0.19,0.003179650238473768
0.53,0.2825,0.1875,0.009538950715421303
0.53,0.285,0.185,0.022257551669316374
0.53,0.2875,0.1825,0.009538950715421303
0.53,0.29,0.18,0.011128775834658187
0.53,0.2925,0.1775,0.001589825119236884
0.53,0.3,0.17,0.003179650238473768
0.53,0.3025,0.1675,0.001589825119236884
0.5325,0.14,0.3275,0.001589825119236884
0.5325,0.1475,0.32,0.001589825119236884
0.5325,0.15,0.3175,0.001589825119236884
0.5325,0.1525,0.315,0.003179650238473768
0.5325,0.155,0.3125,0.003179650238473768
0.5325,0.1575,0.31,0.001589825119236884
0.5325,0.16,0.3075,0.006359300476947536
0.5325,0.1625,0.305,0.012718600953895072
0.5325,0.165,0.3025,0.00794912559618442
0.5325,0.1675,0.3,0.00794912559618442
0.5325,0.17,0.2975,0.012718600953895072
0.5325,0.1725,0.295,0.011128775834658187
0.5325,0.175,0.2925,0.014308426073131956
0.5325,0.1775,0.29,0.019077901430842606
0.5325,0.18,0.2875,0.022257551669316374
0.5325,0.1825,0.285,0.02384737678855326
0.5325,0.185,0.2825,0.05087440381558029
0.5325,0.1875,0.28,0.04133545310015898
0.5325,0.19,0.2775,0.0397456279809221
0.5325,0.1925,0.275,0.0492845786963434
0.5325,0.195,0.2725,0.05405405405405406
0.5325,0.1975,0.27,0.06359300476947535
0.5325,0.2,0.2675,0.05405405405405406
0.5325,0.2025,0.265,0.04769475357710652
0.5325,0.205,0.2625,0.05564387917329094
0.5325,0.2075,0.26,0.0492845786963434
0.5325,0.21,0.2575,0.06041335453100159
0.5325,0.2125,0.255,0.0794912559618442
0.5325,0.215,0.2525,0.09538950715421304
0.5325,0.2175,0.25,0.07631160572337042
0.5325,0.22,0.2475,0.08426073131955485
0.5325,0.2225,0.245,0.07631160572337042
0.5325,0.225,0.2425,0.09538950715421304
0.5325,0.2275,0.24,0.10333863275039745
0.5325,0.23,0.2375,0.0794912559618442
0.5325,0.2325,0.235,0.08267090620031796
0.5325,0.235,0.2325,0.07790143084260731
0.5325,0.2375,0.23,0.07790143084260731
0.5325,0.24,0.2275,0.0492845786963434
0.5325,0.2425,0.225,0.05405405405405406
0.5325,0.245,0.2225,0.07472178060413355
0.5325,0.2475,0.22,0.08744038155802862
0.5325,0.25,0.2175,0.06995230524642289
0.5325,0.2525,0.215,0.07631160572337042
0.5325,0.255,0.2125,0.07313195548489666
0.5325,0.2575,0.21,0.06359300476947535
0.5325,0.26,0.2075,0.04133545310015898
0.5325,0.2625,0.205,0.03815580286168521
0.5325,0.265,0.2025,0.03815580286168521
0.5325,0.2675,0.2,0.04133545310015898
0.5325,0.27,0.1975,0.03815580286168521
0.5325,0.2725,0.195,0.0397456279809221
0.5325,0.275,0.1925,0.02702702702702703
0.5325,0.2775,0.19,0.019077901430842606
0.5325,0.28,0.1875,0.01589825119236884
0.5325,0.2825,0.185,0.019077901430842606
0.5325,0.285,0.1825,0.02384737678855326
0.5325,0.2875,0.18,0.017488076311605722
0.5325,0.29,0.1775,0.012718600953895072
0.5325,0.295,0.1725,0.001589825119236884
0.5325,0.2975,0.17,0.0047694753577106515
0.5325,0.3,0.1675,0.006359300476947536
0.5325,0.3025,0.165,0.001589825119236884
0.5325,0.305,0.1625,0.006359300476947536
0.5325,0.3075,0.16,0.0047694753577106515
0.5325,0.31,0.1575,0.001589825119236884
0.5325,0.3125,0.155,0.001589825119236884
0.5325,0.315,0.1525,0.001589825119236884
0.535,0.1375,0.3275,0.001589825119236884
0.535,0.14,0.325,0.003179650238473768
0.535,0.1425,0.3225,0.006359300476947536
0.535,0.145,0.32,0.006359300476947536
0.535,0.1475,0.3175,0.003179650238473768
0.535,0.15,0.315,0.001589825119236884
0.535,0.1525,0.3125,0.001589825119236884
0.535,0.155,0.31,0.001589825119236884
0.535,0.16,0.305,0.006359300476947536
0.535,0.1625,0.3025,0.01589825119236884
0.535,0.165,0.3,0.02066772655007949
0.535,0.1675,0.2975,0.02384737678855326
0.535,0.17,0.295,0.02384737678855326
0.535,0.1725,0.2925,0.02702702702702703
0.535,0.175,0.29,0.03815580286168521
0.535,0.1775,0.2875,0.046104928457869634
0.535,0.18,0.285,0.057233704292527825
0.535,0.1825,0.2825,0.06836248012718601
0.535,0.185,0.28,0.0794912559618442
0.535,0.1875,0.2775,0.06518282988871224
0.535,0.19,0.275,0.09538950715421304
0.535,0.1925,0.2725,0.08426073131955485
0.535,0.195,0.27,0.09062003179650238
0.535,0.1975,0.2675,0.10810810810810811
0.535,0.2,0.265,0.10651828298887123
0.535,0.2025,0.2625,0.12559618441971382
0.535,0.205,0.26,0.13036565977742448
0.535,0.2075,0.2575,0.13195548489666137
0.535,0.21,0.255,0.14308426073131955
0.535,0.2125,0.2525,0.1383147853736089
0.535,0.215,0.25,0.1589825119236884
0.535,0.2175,0.2475,0.14308426073131955
0.535,0.22,0.245,0.13672496025437203
0.535,0.2225,0.2425,0.16216216216216217
0.535,0.225,0.24,0.17170111287758347
0.535,0.2275,0.2375,0.16534181240063592
0.535,0.23,0.235,0.1494435612082671
0.535,0.2325,0.2325,0.13990461049284578
0.535,0.235,0.23,0.1589825119236884
0.535,0.2375,0.2275,0.14308426073131955
0.535,0.24,0.225,0.13990461049284578
0.535,0.2425,0.2225,0.11764705882352941
0.535,0.245,0.22,0.14467408585055644
0.535,0.2475,0.2175,0.12400635930047695
0.535,0.25,0.215,0.1287758346581876
0.535,0.2525,0.2125,0.13990461049284578
0.535,0.255,0.21,0.10651828298887123
0.535,0.2575,0.2075,0.10333863275039745
0.535,0.26,0.205,0.08426073131955485
0.535,0.2625,0.2025,0.07790143084260731
0.535,0.265,0.2,0.08267090620031796
0.535,0.2675,0.1975,0.06041335453100159
0.535,0.27,0.195,0.05564387917329094
0.535,0.2725,0.1925,0.05564387917329094
0.535,0.275,0.19,0.05246422893481717
0.535,0.2775,0.1875,0.0492845786963434
0.535,0.28,0.185,0.03179650238473768
0.535,0.2825,0.1825,0.03656597774244833
0.535,0.285,0.18,0.034976152623211444
0.535,0.2875,0.1775,0.030206677265500796
0.535,0.29,0.175,0.012718600953895072
0.535,0.2925,0.1725,0.009538950715421303
0.535,0.295,0.17,0.01589825119236884
0.535,0.2975,0.1675,0.011128775834658187
0.535,0.3,0.165,0.006359300476947536
0.535,0.3025,0.1625,0.00794912559618442
0.535,0.305,0.16,0.00794912559618442
0.535,0.3075,0.1575,0.0047694753577106515
0.535,0.3125,0.1525,0.001589825119236884
0.5375,0.14,0.3225,0.003179650238473768
0.5375,0.1425,0.32,0.00794912559618442
0.5375,0.145,0.3175,0.006359300476947536
0.5375,0.1475,0.315,0.0047694753577106515
0.5375,0.15,0.3125,0.003179650238473768
0.5375,0.1525,0.31,0.001589825119236884
0.5375,0.155,0.3075,0.0047694753577106515
0.5375,0.1575,0.305,0.014308426073131956
0.5375,0.16,0.3025,0.022257551669316374
0.5375,0.1625,0.3,0.033386327503974564
0.5375,0.165,0.2975,0.046104928457869634
0.5375,0.1675,0.295,0.034976152623211444
0.5375,0.17,0.2925,0.046104928457869634
0.5375,0.1725,0.29,0.06677265500794913
0.5375,0.175,0.2875,0.06200317965023847
0.5375,0.1775,0.285,0.07631160572337042
0.5375,0.18,0.2825,0.09220985691573927
0.5375,0.1825,0.28,0.0890302066772655
0.5375,0.185,0.2775,0.0985691573926868
0.5375,0.1875,0.275,0.14467408585055644
0.5375,0.19,0.2725,0.16057233704292528
0.5375,0.1925,0.27,0.14467408585055644
0.5375,0.195,0.2675,0.16375198728139906
0.5375,0.1975,0.265,0.20508744038155802
0.5375,0.2,0.2625,0.21621621621621623
0.5375,0.2025,0.26,0.2368839427662957
0.5375,0.205,0.2575,0.22575516693163752
0.5375,0.2075,0.255,0.2368839427662957
0.5375,0.21,0.2525,0.24960254372019078
0.5375,0.2125,0.25,0.23052464228934816
0.5375,0.215,0.2475,0.24006359300476948
0.5375,0.2175,0.245,0.2670906200317965
0.5375,0.22,0.2425,0.27821939586645467
0.5375,0.2225,0.24,0.28139904610492844
0.5375,0.225,0.2375,0.2591414944356121
0.5375,0.2275,0.235,0.27344992050874406
0.5375,0.23,0.2325,0.2766295707472178
0.5375,0.2325,0.23,0.29411764705882354
0.5375,0.235,0.2275,0.2702702702702703
0.5375,0.2375,0.225,0.2845786963434022
0.5375,0.24,0.2225,0.26073131955484896
0.5375,0.2425,0.22,0.21303656597774245
0.5375,0.245,0.2175,0.20985691573926868
0.5375,0.2475,0.215,0.1891891891891892
0.5375,0.25,0.2125,0.1907790143084261
0.5375,0.2525,0.21,0.178060413354531
0.5375,0.255,0.2075,0.17329093799682035
0.5375,0.2575,0.205,0.17647058823529413
0.5375,0.26,0.2025,0.14626391096979333
0.5375,0.2625,0.2,0.13036565977742448
0.5375,0.265,0.1975,0.1271860095389507
0.5375,0.2675,0.195,0.10015898251192369
0.5375,0.27,0.1925,0.09062003179650238
0.5375,0.2725,0.19,0.07472178060413355
0.5375,0.275,0.1875,0.09062003179650238
0.5375,0.2775,0.185,0.07154213036565978
0.5375,0.28,0.1825,0.05564387917329094
0.5375,0.2825,0.18,0.04133545310015898
0.5375,0.285,0.1775,0.033386327503974564
0.5375,0.2875,0.175,0.03815580286168521
0.5375,0.29,0.1725,0.030206677265500796
0.5375,0.2925,0.17,0.02384737678855326
0.5375,0.295,0.1675,0.022257551669316374
0.5375,0.2975,0.165,0.006359300476947536
0.5375,0.3,0.1625,0.0047694753577106515
0.5375,0.3025,0.16,0.0047694753577106515
0.5375,0.305,0.1575,0.006359300476947536
0.5375,0.3075,0.155,0.003179650238473768
0.5375,0.31,0.1525,0.001589825119236884
0.5375,0.315,0.1475,0.001589825119236884
0.5375,0.3175,0.145,0.001589825119236884
0.5375,0.3425,0.12,0.001589825119236884
0.54,0.13,0.33,0.001589825119236884
0.54,0.1375,0.3225,0.001589825119236884
0.54,0.14,0.32,0.006359300476947536
0.54,0.1425,0.3175,0.011128775834658187
0.54,0.145,0.315,0.006359300476947536
0.54,0.1475,0.3125,0.009538950715421303
0.54,0.15,0.31,0.011128775834658187
0.54,0.1525,0.3075,0.012718600953895072
0.54,0.155,0.305,0.02384737678855326
0.54,0.1575,0.3025,0.025437201907790145
0.54,0.16,0.3,0.0397456279809221
0.54,0.1625,0.2975,0.04769475357710652
0.54,0.165,0.295,0.07472178060413355
0.54,0.1675,0.2925,0.06200317965023847
0.54,0.17,0.29,0.09538950715421304
0.54,0.1725,0.2875,0.09697933227344992
0.54,0.175,0.285,0.0985691573926868
0.54,0.1775,0.2825,0.13036565977742448
0.54,0.18,0.28,0.151033386327504
0.54,0.1825,0.2775,0.1573926868044515
0.54,0.185,0.275,0.17647058823529413
0.54,0.1875,0.2725,0.2273449920508744
0.54,0.19,0.27,0.2178060413354531
0.54,0.1925,0.2675,0.23052464228934816
0.54,0.195,0.265,0.29093799682034976
0.54,0.1975,0.2625,0.27980922098569155
0.54,0.2,0.26,0.32114467408585057
0.54,0.2025,0.2575,0.35294117647058826
0.54,0.205,0.255,0.32909379968203495
0.54,0.2075,0.2525,0.34340222575516693
0.54,0.21,0.25,0.3751987281399046
0.54,0.2125,0.2475,0.35930047694753575
0.54,0.215,0.245,0.38950715421303655
0.54,0.2175,0.2425,0.43084260731319557
0.54,0.22,0.24,0.38950715421303655
0.54,0.2225,0.2375,0.3863275039745628
0.54,0.225,0.235,0.39268680445151033
0.54,0.2275,0.2325,0.356120826709062
0.54,0.23,0.23,0.43243243243243246
0.54,0.2325,0.2275,0.42289348171701113
0.54,0.235,0.225,0.4133545310015898
0.54,0.2375,0.2225,0.40540540540540543
0.54,0.24,0.22,0.3640699523052464
0.54,0.2425,0.2175,0.383147853736089
0.54,0.245,0.215,0.3465818759936407
0.54,0.2475,0.2125,0.30842607313195547
0.54,0.25,0.21,0.2972972972972973
0.54,0.2525,0.2075,0.2845786963434022
0.54,0.255,0.205,0.2575516693163752
0.54,0.2575,0.2025,0.24483306836248012
0.54,0.26,0.2,0.20508744038155802
0.54,0.2625,0.1975,0.21144674085850557
0.54,0.265,0.195,0.18124006359300476
0.54,0.2675,0.1925,0.16216216216216217
0.54,0.27,0.19,0.11605723370429252
0.54,0.2725,0.1875,0.10969793322734499
0.54,0.275,0.185,0.0985691573926868
0.54,0.2775,0.1825,0.09220985691573927
0.54,0.28,0.18,0.08267090620031796
0.54,0.2825,0.1775,0.058823529411764705
0.54,0.285,0.175,0.057233704292527825
0.54,0.2875,0.1725,0.05087440381558029
0.54,0.29,0.17,0.033386327503974564
0.54,0.2925,0.1675,0.019077901430842606
0.54,0.295,0.165,0.017488076311605722
0.54,0.2975,0.1625,0.006359300476947536
0.54,0.3,0.16,0.00794912559618442
0.54,0.3025,0.1575,0.00794912559618442
0.54,0.305,0.155,0.00794912559618442
0.54,0.3075,0.1525,0.00794912559618442
0.54,0.31,0.15,0.003179650238473768
0.54,0.3125,0.1475,0.001589825119236884
0.54,0.315,0.145,0.003179650238473768
0.54,0.3175,0.1425,0.001589825119236884
0.54,0.32,0.14,0.001589825119236884
0.54,0.34,0.12,0.001589825119236884
0.54,0.3425,0.1175,0.001589825119236884
0.5425,0.1225,0.335,0.001589825119236884
0.5425,0.1275,0.33,0.001589825119236884
0.5425,0.13,0.3275,0.001589825119236884
0.5425,0.1325,0.325,0.003179650238473768
0.5425,0.135,0.3225,0.003179650238473768
0.5425,0.1375,0.32,0.003179650238473768
0.5425,0.14,0.3175,0.012718600953895072
0.5425,0.1425,0.315,0.014308426073131956
0.5425,0.145,0.3125,0.014308426073131956
0.5425,0.1475,0.31,0.01589825119236884
0.5425,0.15,0.3075,0.02066772655007949
0.5425,0.1525,0.305,0.030206677265500796
0.5425,0.155,0.3025,0.028616852146263912
0.5425,0.1575,0.3,0.04133545310015898
0.5425,0.16,0.2975,0.05564387917329094
0.5425,0.1625,0.295,0.08108108108108109
0.5425,0.165,0.2925,0.11128775834658187
0.5425,0.1675,0.29,0.12400635930047695
0.5425,0.17,0.2875,0.1287758346581876
0.5425,0.1725,0.285,0.15580286168521462
0.5425,0.175,0.2825,0.18282988871224165
0.5425,0.1775,0.28,0.19395866454689983
0.5425,0.18,0.2775,0.23211446740858505
0.5425,0.1825,0.275,0.25119236883942764
0.5425,0.185,0.2725,0.27980922098569155
0.5425,0.1875,0.27,0.2861685214626391
0.5425,0.19,0.2675,0.3004769475357711
0.5425,0.1925,0.265,0.3497615262321145
0.5425,0.195,0.2625,0.36089030206677264
0.5425,0.1975,0.26,0.3958664546899841
0.5425,0.2,0.2575,0.4610492845786963
0.5425,0.2025,0.255,0.4960254372019078
0.5425,0.205,0.2525,0.4546899841017488
0.5425,0.2075,0.25,0.5246422893481717
0.5425,0.21,0.2475,0.5453100158982512
0.5425,0.2125,0.245,0.5166931637519873
0.5425,0.215,0.2425,0.5453100158982512
0.5425,0.2175,0.24,0.5373608903020668
0.5425,0.22,0.2375,0.5278219395866455
0.5425,0.2225,0.235,0.5961844197138315
0.5425,0.225,0.2325,0.5961844197138315
0.5425,0.2275,0.23,0.5389507154213037
0.5425,0.23,0.2275,0.5818759936406995
0.5425,0.2325,0.225,0.6057233704292527
0.5425,0.235,0.2225,0.5580286168521462
0.5425,0.2375,0.22,0.48966613672496023
0.5425,0.24,0.2175,0.4864864864864865
0.5425,0.2425,0.215,0.5039745627980922
0.5425,0.245,0.2125,0.41971383147853736
0.5425,0.2475,0.21,0.42289348171701113
0.5425,0.25,0.2075,0.43720190779014306
0.5425,0.2525,0.205,0.40858505564387915
0.5425,0.255,0.2025,0.3354531001589825
0.5425,0.2575,0.2,0.2957074721780604
0.5425,0.26,0.1975,0.2718600953895072
0.5425,0.2625,0.195,0.26232114467408585
0.5425,0.265,0.1925,0.23529411764705882
0.5425,0.2675,0.19,0.20508744038155802
0.5425,0.27,0.1875,0.1875993640699523
0.5425,0.2725,0.185,0.16375198728139906
0.5425,0.275,0.1825,0.12400635930047695
0.5425,0.2775,0.18,0.11764705882352941
0.5425,0.28,0.1775,0.09538950715421304
0.5425,0.2825,0.175,0.0890302066772655
0.5425,0.285,0.1725,0.07790143084260731
0.5425,0.2875,0.17,0.06041335453100159
0.5425,0.29,0.1675,0.028616852146263912
0.5425,0.2925,0.165,0.022257551669316374
0.5425,0.295,0.1625,0.01589825119236884
0.5425,0.2975,0.16,0.017488076311605722
0.5425,0.3,0.1575,0.00794912559618442
0.5425,0.3025,0.155,0.011128775834658187
0.5425,0.305,0.1525,0.009538950715421303
0.5425,0.3075,0.15,0.00794912559618442
0.5425,0.31,0.1475,0.001589825119236884
0.5425,0.3125,0.145,0.001589825119236884
0.5425,0.3175,0.14,0.003179650238473768
0.5425,0.3225,0.135,0.001589825119236884
0.5425,0.325,0.1325,0.001589825119236884
0.545,0.12,0.335,0.001589825119236884
0.545,0.1225,0.3325,0.003179650238473768
0.545,0.13,0.325,0.003179650238473768
0.545,0.1325,0.3225,0.00794912559618442
0.545,0.135,0.32,0.0047694753577106515
0.545,0.1375,0.3175,0.0047694753577106515
0.545,0.14,0.315,0.012718600953895072
0.545,0.1425,0.3125,0.02384737678855326
0.545,0.145,0.31,0.019077901430842606
0.545,0.1475,0.3075,0.02384737678855326
0.545,0.15,0.305,0.03179650238473768
0.545,0.1525,0.3025,0.033386327503974564
0.545,0.155,0.3,0.0492845786963434
0.545,0.1575,0.2975,0.07313195548489666
0.545,0.16,0.295,0.08585055643879173
0.545,0.1625,0.2925,0.1192368839427663
0.545,0.165,0.29,0.17011128775834658
0.545,0.1675,0.2875,0.17329093799682035
0.545,0.17,0.285,0.18282988871224165
0.545,0.1725,0.2825,0.2289348171701113
0.545,0.175,0.28,0.2591414944356121
0.545,0.1775,0.2775,0.27503974562798095
0.545,0.18,0.275,0.32432432432432434
0.545,0.1825,0.2725,0.3783783783783784
0.545,0.185,0.27,0.4356120826709062
0.545,0.1875,0.2675,0.3799682034976153
0.545,0.19,0.265,0.4260731319554849
0.545,0.1925,0.2625,0.48012718600953896
0.545,0.195,0.26,0.519872813990461
0.545,0.1975,0.2575,0.5357710651828299
0.545,0.2,0.255,0.5802861685214626
0.545,0.2025,0.2525,0.629570747217806
0.545,0.205,0.25,0.6327503974562798
0.545,0.2075,0.2475,0.6804451510333863
0.545,0.21,0.245,0.7424483306836248
0.545,0.2125,0.2425,0.7472178060413355
0.545,0.215,0.24,0.7154213036565977
0.545,0.2175,0.2375,0.7344992050874404
0.545,0.22,0.235,0.7710651828298887
0.545,0.2225,0.2325,0.7631160572337043
0.545,0.225,0.23,0.7519872813990461
0.545,0.2275,0.2275,0.6868044515103339
0.545,0.23,0.225,0.685214626391097
0.545,0.2325,0.2225,0.6947535771065183
0.545,0.235,0.22,0.6232114467408585
0.545,0.2375,0.2175,0.6677265500794912
0.545,0.24,0.215,0.6550079491255962
0.545,0.2425,0.2125,0.5945945945945946
0.545,0.245,0.21,0.5659777424483307
0.545,0.2475,0.2075,0.548489666136725
0.545,0.25,0.205,0.5246422893481717
0.545,0.2525,0.2025,0.465818759936407
0.545,0.255,0.2,0.44992050874403816
0.545,0.2575,0.1975,0.41017488076311603
0.545,0.26,0.195,0.30842607313195547
0.545,0.2625,0.1925,0.26073131955484896
0.545,0.265,0.19,0.28298887122416533
0.545,0.2675,0.1875,0.2591414944356121
0.545,0.27,0.185,0.2273449920508744
0.545,0.2725,0.1825,0.18600953895071543
0.545,0.275,0.18,0.14149443561208266
0.545,0.2775,0.1775,0.1287758346581876
0.545,0.28,0.175,0.1287758346581876
0.545,0.2825,0.1725,0.11446740858505565
0.545,0.285,0.17,0.09062003179650238
0.545,0.2875,0.1675,0.057233704292527825
0.545,0.29,0.165,0.02702702702702703
0.545,0.2925,0.1625,0.025437201907790145
0.545,0.295,0.16,0.030206677265500796
0.545,0.2975,0.1575,0.019077901430842606
0.545,0.3,0.155,0.01589825119236884
0.545,0.3025,0.1525,0.01589825119236884
0.545,0.305,0.15,0.011128775834658187
0.545,0.3075,0.1475,0.00794912559618442
0.545,0.31,0.145,0.001589825119236884
0.545,0.3125,0.1425,0.003179650238473768
0.545,0.315,0.14,0.001589825119236884
0.545,0.3175,0.1375,0.001589825119236884
0.545,0.3225,0.1325,0.001589825119236884
0.5475,0.12,0.3325,0.003179650238473768
0.5475,0.1225,0.33,0.003179650238473768
0.5475,0.13,0.3225,0.0047694753577106515
0.5475,0.1325,0.32,0.006359300476947536
0.5475,0.135,0.3175,0.003179650238473768
0.5475,0.1375,0.315,0.006359300476947536
0.5475,0.14,0.3125,0.019077901430842606
0.5475,0.1425,0.31,0.033386327503974564
0.5475,0.145,0.3075,0.030206677265500796
0.5475,0.1475,0.305,0.028616852146263912
0.5475,0.15,0.3025,0.034976152623211444
0.5475,0.1525,0.3,0.05087440381558029
0.5475,0.155,0.2975,0.06677265500794913
0.5475,0.1575,0.295,0.10174880763116058
0.5475,0.16,0.2925,0.12559618441971382
0.5475,0.1625,0.29,0.1573926868044515
0.5475,0.165,0.2875,0.19554848966613672
0.5475,0.1675,0.285,0.20508744038155802
0.5475,0.17,0.2825,0.2384737678855326
0.5475,0.1725,0.28,0.2575516693163752
0.5475,0.175,0.2775,0.34022257551669316
0.5475,0.1775,0.275,0.3688394276629571
0.5475,0.18,0.2725,0.40381558028616854
0.5475,0.1825,0.27,0.45151033386327505
0.5475,0.185,0.2675,0.4578696343402226
0.5475,0.1875,0.265,0.465818759936407
0.5475,0.19,0.2625,0.5357710651828299
0.5475,0.1925,0.26,0.5850556438791733
0.5475,0.195,0.2575,0.6073131955484896
0.5475,0.1975,0.255,0.6454689984101749
0.5475,0.2,0.2525,0.7503974562798092
0.5475,0.2025,0.25,0.7265500794912559
0.5475,0.205,0.2475,0.7408585055643879
0.5475,0.2075,0.245,0.8616852146263911
0.5475,0.21,0.2425,0.8648648648648649
0.5475,0.2125,0.24,0.863275039745628
0.5475,0.215,0.2375,0.7885532591414944
0.5475,0.2175,0.235,0.8664546899841018
0.5475,0.22,0.2325,0.848966613672496
0.5475,0.2225,0.23,0.8744038155802861
0.5475,0.225,0.2275,0.8298887122416534
0.5475,0.2275,0.225,0.8108108108108109
0.5475,0.23,0.2225,0.8187599364069952
0.5475,0.2325,0.22,0.7742448330683624
0.5475,0.235,0.2175,0.7408585055643879
0.5475,0.2375,0.215,0.8108108108108109
0.5475,0.24,0.2125,0.7170111287758346
0.5475,0.2425,0.21,0.7360890302066773
0.5475,0.245,0.2075,0.6232114467408585
0.5475,0.2475,0.205,0.6248012718600954
0.5475,0.25,0.2025,0.5961844197138315
0.5475,0.2525,0.2,0.5214626391096979
0.5475,0.255,0.1975,0.5278219395866455
0.5475,0.2575,0.195,0.41017488076311603
0.5475,0.26,0.1925,0.32432432432432434
0.5475,0.2625,0.19,0.3465818759936407
0.5475,0.265,0.1875,0.356120826709062
0.5475,0.2675,0.185,0.27821939586645467
0.5475,0.27,0.1825,0.24324324324324326
0.5475,0.2725,0.18,0.21939586645468998
0.5475,0.275,0.1775,0.18600953895071543
0.5475,0.2775,0.175,0.1478537360890302
0.5475,0.28,0.1725,0.11446740858505565
0.5475,0.2825,0.17,0.09697933227344992
0.5475,0.285,0.1675,0.08585055643879173
0.5475,0.2875,0.165,0.07154213036565978
0.5475,0.29,0.1625,0.03815580286168521
0.5475,0.2925,0.16,0.0397456279809221
0.5475,0.295,0.1575,0.03656597774244833
0.5475,0.2975,0.155,0.033386327503974564
0.5475,0.3,0.1525,0.014308426073131956
0.5475,0.3025,0.15,0.001589825119236884
0.5475,0.305,0.1475,0.009538950715421303
0.5475,0.3075,0.145,0.011128775834658187
0.5475,0.31,0.1425,0.0047694753577106515
0.5475,0.3125,0.14,0.0047694753577106515
0.5475,0.315,0.1375,0.001589825119236884
0.5475,0.3175,0.135,0.003179650238473768
0.5475,0.32,0.1325,0.001589825119236884
0.55,0.12,0.33,0.001589825119236884
0.55,0.125,0.325,0.001589825119236884
0.55,0.1275,0.3225,0.0047694753577106515
0.55,0.13,0.32,0.006359300476947536
0.55,0.1325,0.3175,0.003179650238473768
0.55,0.135,0.315,0.0047694753577106515
0.55,0.1375,0.3125,0.011128775834658187
0.55,0.14,0.31,0.025437201907790145
0.55,0.1425,0.3075,0.02066772655007949
0.55,0.145,0.305,0.025437201907790145
0.55,0.1475,0.3025,0.04769475357710652
0.55,0.15,0.3,0.06359300476947535
0.55,0.1525,0.2975,0.06836248012718601
0.55,0.155,0.295,0.10015898251192369
0.55,0.1575,0.2925,0.10969793322734499
0.55,0.16,0.29,0.1383147853736089
0.55,0.1625,0.2875,0.1875993640699523
0.55,0.165,0.285,0.2082670906200318
0.55,0.1675,0.2825,0.2480127186009539
0.55,0.17,0.28,0.3036565977742448
0.55,0.1725,0.2775,0.3163751987281399
0.55,0.175,0.275,0.37042925278219396
0.55,0.1775,0.2725,0.3863275039745628
0.55,0.18,0.27,0.47217806041335453
0.55,0.1825,0.2675,0.5246422893481717
0.55,0.185,0.265,0.5357710651828299
0.55,0.1875,0.2625,0.5771065182829889
0.55,0.19,0.26,0.629570747217806
0.55,0.1925,0.2575,0.712241653418124
0.55,0.195,0.255,0.7376788553259142
0.55,0.1975,0.2525,0.7758346581875993
0.55,0.2,0.25,0.8203497615262321
0.55,0.2025,0.2475,0.8362480127186009
0.55,0.205,0.245,0.8744038155802861
0.55,0.2075,0.2425,0.8807631160572337
0.55,0.21,0.24,0.9666136724960255
0.55,0.2125,0.2375,0.9030206677265501
0.55,0.215,0.235,0.9062003179650239
0.55,0.2175,0.2325,0.931637519872814
0.55,0.22,0.23,0.9284578696343402
0.55,0.2225,0.2275,0.9459459459459459
0.55,0.225,0.225,0.9125596184419714
0.55,0.2275,0.2225,0.9252782193958664
0.55,0.23,0.22,0.8934817170111288
0.55,0.2325,0.2175,0.8505564387917329
0.55,0.235,0.215,0.8441971383147854
0.55,0.2375,0.2125,0.7869634340222575
0.55,0.24,0.21,0.7647058823529411
0.55,0.2425,0.2075,0.6931637519872814
0.55,0.245,0.205,0.6788553259141494
0.55,0.2475,0.2025,0.685214626391097
0.55,0.25,0.2,0.6120826709062003
0.55,0.2525,0.1975,0.5532591414944356
0.55,0.255,0.195,0.505564387917329
0.55,0.2575,0.1925,0.4864864864864865
0.55,0.26,0.19,0.4356120826709062
0.55,0.2625,0.1875,0.38791732909379967
0.55,0.265,0.185,0.3354531001589825
0.55,0.2675,0.1825,0.2655007949125596
0.55,0.27,0.18,0.23211446740858505
0.55,0.2725,0.1775,0.22257551669316375
0.55,0.275,0.175,0.1907790143084261
0.55,0.2775,0.1725,0.1669316375198728
0.55,0.28,0.17,0.11446740858505565
0.55,0.2825,0.1675,0.10333863275039745
0.55,0.285,0.165,0.08267090620031796
0.55,0.2875,0.1625,0.06677265500794913
0.55,0.29,0.16,0.0492845786963434
0.55,0.2925,0.1575,0.03656597774244833
0.55,0.295,0.155,0.034976152623211444
0.55,0.2975,0.1525,0.025437201907790145
0.55,0.3,0.15,0.012718600953895072
0.55,0.3025,0.1475,0.009538950715421303
0.55,0.305,0.145,0.011128775834658187
0.55,0.3075,0.1425,0.012718600953895072
0.55,0.31,0.14,0.009538950715421303
0.55,0.3125,0.1375,0.0047694753577106515
0.55,0.315,0.135,0.001589825119236884
0.55,0.3175,0.1325,0.003179650238473768
0.55,0.3325,0.1175,0.001589825119236884
0.5525,0.11,0.3375,0.001589825119236884
0.5525,0.1125,0.335,0.001589825119236884
0.5525,0.12,0.3275,0.001589825119236884
0.5525,0.125,0.3225,0.006359300476947536
0.5525,0.1275,0.32,0.0047694753577106515
0.5525,0.13,0.3175,0.0047694753577106515
0.5525,0.1325,0.315,0.0047694753577106515
0.5525,0.135,0.3125,0.00794912559618442
0.5525,0.1375,0.31,0.022257551669316374
0.5525,0.14,0.3075,0.022257551669316374
0.5525,0.1425,0.305,0.03179650238473768
0.5525,0.145,0.3025,0.0492845786963434
0.5525,0.1475,0.3,0.06995230524642289
0.5525,0.15,0.2975,0.06677265500794913
0.5525,0.1525,0.295,0.09062003179650238
0.5525,0.155,0.2925,0.10174880763116058
0.5525,0.1575,0.29,0.12559618441971382
0.5525,0.16,0.2875,0.14467408585055644
0.5525,0.1625,0.285,0.20349761526232116
0.5525,0.165,0.2825,0.22575516693163752
0.5525,0.1675,0.28,0.2766295707472178
0.5525,0.17,0.2775,0.3036565977742448
0.5525,0.1725,0.275,0.34340222575516693
0.5525,0.175,0.2725,0.37042925278219396
0.5525,0.1775,0.27,0.43720190779014306
0.5525,0.18,0.2675,0.4753577106518283
0.5525,0.1825,0.265,0.5103338632750397
0.5525,0.185,0.2625,0.5548489666136724
0.5525,0.1875,0.26,0.6248012718600954
0.5525,0.19,0.2575,0.6963434022257552
0.5525,0.1925,0.255,0.7186009538950715
0.5525,0.195,0.2525,0.6868044515103339
0.5525,0.1975,0.25,0.8187599364069952
0.5525,0.2,0.2475,0.8521462639109698
0.5525,0.2025,0.245,0.8553259141494436
0.5525,0.205,0.2425,0.8569157392686805
0.5525,0.2075,0.24,0.9364069952305246
0.5525,0.21,0.2375,1.0
0.5525,0.2125,0.235,0.9523052464228935
0.5525,0.215,0.2325,0.9618441971383148
0.5525,0.2175,0.23,0.9809220985691574
0.5525,0.22,0.2275,0.9713831478537361
0.5525,0.2225,0.225,0.9252782193958664
0.5525,0.225,0.2225,0.9109697933227345
0.5525,0.2275,0.22,0.8712241653418124
0.5525,0.23,0.2175,0.8807631160572337
0.5525,0.2325,0.215,0.9077901430842608
0.5525,0.235,0.2125,0.8251192368839427
0.5525,0.2375,0.21,0.8124006359300477
0.5525,0.24,0.2075,0.7678855325914149
0.5525,0.2425,0.205,0.6772655007949125
0.5525,0.245,0.2025,0.6947535771065183
0.5525,0.2475,0.2,0.6248012718600954
0.5525,0.25,0.1975,0.615262321144674
0.5525,0.2525,0.195,0.5087440381558028
0.5525,0.255,0.1925,0.5230524642289348
0.5525,0.2575,0.19,0.47058823529411764
0.5525,0.26,0.1875,0.3990461049284579
0.5525,0.2625,0.185,0.34181240063593005
0.5525,0.265,0.1825,0.2988871224165342
0.5525,0.2675,0.18,0.26232114467408585
0.5525,0.27,0.1775,0.24165341812400637
0.5525,0.2725,0.175,0.178060413354531
0.5525,0.275,0.1725,0.17488076311605724
0.5525,0.2775,0.17,0.14149443561208266
0.5525,0.28,0.1675,0.10333863275039745
0.5525,0.2825,0.165,0.09379968203497616
0.5525,0.285,0.1625,0.07472178060413355
0.5525,0.2875,0.16,0.0794912559618442
0.5525,0.29,0.1575,0.033386327503974564
0.5525,0.2925,0.155,0.04292527821939587
0.5525,0.295,0.1525,0.028616852146263912
0.5525,0.2975,0.15,0.011128775834658187
0.5525,0.3,0.1475,0.009538950715421303
0.5525,0.3025,0.145,0.012718600953895072
0.5525,0.305,0.1425,0.011128775834658187
0.5525,0.3075,0.14,0.009538950715421303
0.5525,0.31,0.1375,0.001589825119236884
0.5525,0.3275,0.12,0.001589825119236884
0.5525,0.33,0.1175,0.001589825119236884
0.5525,0.3325,0.115,0.001589825119236884
0.555,0.12,0.325,0.003179650238473768
0.555,0.1225,0.3225,0.003179650238473768
0.555,0.125,0.32,0.0047694753577106515
0.555,0.1275,0.3175,0.003179650238473768
0.555,0.13,0.315,0.00794912559618442
0.555,0.1325,0.3125,0.006359300476947536
0.555,0.135,0.31,0.014308426073131956
0.555,0.1375,0.3075,0.017488076311605722
0.555,0.14,0.305,0.02702702702702703
0.555,0.1425,0.3025,0.03815580286168521
0.555,0.145,0.3,0.0492845786963434
0.555,0.1475,0.2975,0.05405405405405406
0.555,0.15,0.295,0.06200317965023847
0.555,0.1525,0.2925,0.06995230524642289
0.555,0.155,0.29,0.11446740858505565
0.555,0.1575,0.2875,0.12559618441971382
0.555,0.16,0.285,0.16534181240063592
0.555,0.1625,0.2825,0.20190779014308427
0.555,0.165,0.28,0.2559618441971383
0.555,0.1675,0.2775,0.26073131955484896
0.555,0.17,0.275,0.3354531001589825
0.555,0.1725,0.2725,0.32432432432432434
0.555,0.175,0.27,0.39109697933227344
0.555,0.1775,0.2675,0.44038155802861684
0.555,0.18,0.265,0.49761526232114467
0.555,0.1825,0.2625,0.5262321144674086
0.555,0.185,0.26,0.5294117647058824
0.555,0.1875,0.2575,0.6057233704292527
0.555,0.19,0.255,0.6772655007949125
0.555,0.1925,0.2525,0.6359300476947536
0.555,0.195,0.25,0.7201907790143084
0.555,0.1975,0.2475,0.7758346581875993
0.555,0.2,0.245,0.7853736089030207
0.555,0.2025,0.2425,0.8823529411764706
0.555,0.205,0.24,0.8473767885532592
0.555,0.2075,0.2375,0.875993640699523
0.555,0.21,0.235,0.8966613672496025
0.555,0.2125,0.2325,0.8664546899841018
0.555,0.215,0.23,0.9062003179650239
0.555,0.2175,0.2275,0.9650238473767886
0.555,0.22,0.225,0.9427662957074722
0.555,0.2225,0.2225,0.9077901430842608
0.555,0.225,0.22,0.9125596184419714
0.555,0.2275,0.2175,0.8616852146263911
0.555,0.23,0.215,0.8473767885532592
0.555,0.2325,0.2125,0.8028616852146264
0.555,0.235,0.21,0.8124006359300477
0.555,0.2375,0.2075,0.78060413354531
0.555,0.24,0.205,0.6724960254372019
0.555,0.2425,0.2025,0.6550079491255962
0.555,0.245,0.2,0.5914149443561209
0.555,0.2475,0.1975,0.5771065182829889
0.555,0.25,0.195,0.5071542130365659
0.555,0.2525,0.1925,0.4260731319554849
0.555,0.255,0.19,0.45310015898251194
0.555,0.2575,0.1875,0.3672496025437202
0.555,0.26,0.185,0.3465818759936407
0.555,0.2625,0.1825,0.32909379968203495
0.555,0.265,0.18,0.2861685214626391
0.555,0.2675,0.1775,0.24324324324324326
0.555,0.27,0.175,0.20031796502384738
0.555,0.2725,0.1725,0.1494435612082671
0.555,0.275,0.17,0.14626391096979333
0.555,0.2775,0.1675,0.1271860095389507
0.555,0.28,0.165,0.08426073131955485
0.555,0.2825,0.1625,0.06518282988871224
0.555,0.285,0.16,0.07472178060413355
0.555,0.2875,0.1575,0.046104928457869634
0.555,0.29,0.155,0.033386327503974564
0.555,0.2925,0.1525,0.030206677265500796
0.555,0.295,0.15,0.014308426073131956
0.555,0.2975,0.1475,0.017488076311605722
0.555,0.3,0.145,0.014308426073131956
0.555,0.3025,0.1425,0.012718600953895072
0.555,0.305,0.14,0.011128775834658187
0.555,0.3075,0.1375,0.0047694753577106515
0.555,0.31,0.135,0.001589825119236884
0.555,0.325,0.12,0.001589825119236884
0.555,0.3275,0.1175,0.001589825119236884
0.5575,0.1175,0.325,0.001589825119236884
0.5575,0.12,0.3225,0.001589825119236884
0.5575,0.1225,0.32,0.001589825119236884
0.5575,0.125,0.3175,0.001589825119236884
0.5575,0.1275,0.315,0.003179650238473768
0.5575,0.13,0.3125,0.00794912559618442
0.5575,0.1325,0.31,0.00794912559618442
0.5575,0.135,0.3075,0.011128775834658187
0.5575,0.1375,0.305,0.012718600953895072
0.5575,0.14,0.3025,0.019077901430842606
0.5575,0.1425,0.3,0.03179650238473768
0.5575,0.145,0.2975,0.0397456279809221
0.5575,0.1475,0.295,0.04451510333863275
0.5575,0.15,0.2925,0.06200317965023847
0.5575,0.1525,0.29,0.11128775834658187
0.5575,0.155,0.2875,0.1192368839427663
0.5575,0.1575,0.285,0.11605723370429252
0.5575,0.16,0.2825,0.12559618441971382
0.5575,0.1625,0.28,0.17011128775834658
0.5575,0.165,0.2775,0.1907790143084261
0.5575,0.1675,0.275,0.23211446740858505
0.5575,0.17,0.2725,0.26391096979332274
0.5575,0.1725,0.27,0.27980922098569155
0.5575,0.175,0.2675,0.3322734499205087
0.5575,0.1775,0.265,0.4069952305246423
0.5575,0.18,0.2625,0.47058823529411764
0.5575,0.1825,0.26,0.4435612082670906
0.5575,0.185,0.2575,0.505564387917329
0.5575,0.1875,0.255,0.5516693163751988
0.5575,0.19,0.2525,0.5675675675675675
0.5575,0.1925,0.25,0.5961844197138315
0.5575,0.195,0.2475,0.6168521462639109
0.5575,0.1975,0.245,0.604133545310016
0.5575,0.2,0.2425,0.7281399046104928
0.5575,0.2025,0.24,0.7201907790143084
0.5575,0.205,0.2375,0.7376788553259142
0.5575,0.2075,0.235,0.7901430842607313
0.5575,0.21,0.2325,0.7869634340222575
0.5575,0.2125,0.23,0.7503974562798092
0.5575,0.215,0.2275,0.8457869634340223
0.5575,0.2175,0.225,0.8553259141494436
0.5575,0.22,0.2225,0.8585055643879174
0.5575,0.2225,0.22,0.8394276629570747
0.5575,0.225,0.2175,0.8044515103338633
0.5575,0.2275,0.215,0.7742448330683624
0.5575,0.23,0.2125,0.7217806041335453
0.5575,0.2325,0.21,0.7138314785373608
0.5575,0.235,0.2075,0.699523052464229
0.5575,0.2375,0.205,0.6248012718600954
0.5575,0.24,0.2025,0.6486486486486487
0.5575,0.2425,0.2,0.5850556438791733
0.5575,0.245,0.1975,0.505564387917329
0.5575,0.2475,0.195,0.4737678855325914
0.5575,0.25,0.1925,0.4260731319554849
0.5575,0.2525,0.19,0.39268680445151033
0.5575,0.255,0.1875,0.34022257551669316
0.5575,0.2575,0.185,0.27980922098569155
0.5575,0.26,0.1825,0.302066772655008
0.5575,0.2625,0.18,0.3068362480127186
0.5575,0.265,0.1775,0.2575516693163752
0.5575,0.2675,0.175,0.20349761526232116
0.5575,0.27,0.1725,0.1875993640699523
0.5575,0.2725,0.17,0.13195548489666137
0.5575,0.275,0.1675,0.12400635930047695
0.5575,0.2775,0.165,0.08426073131955485
0.5575,0.28,0.1625,0.05246422893481717
0.5575,0.2825,0.16,0.05564387917329094
0.5575,0.285,0.1575,0.04451510333863275
0.5575,0.2875,0.155,0.03815580286168521
0.5575,0.29,0.1525,0.030206677265500796
0.5575,0.2925,0.15,0.02384737678855326
0.5575,0.295,0.1475,0.02702702702702703
0.5575,0.2975,0.145,0.017488076311605722
0.5575,0.3,0.1425,0.011128775834658187
0.5575,0.3025,0.14,0.00794912559618442
0.5575,0.305,0.1375,0.003179650238473768
0.5575,0.3075,0.135,0.0047694753577106515
0.5575,0.31,0.1325,0.0047694753577106515
0.56,0.12,0.32,0.003179650238473768
0.56,0.1225,0.3175,0.001589825119236884
0.56,0.1275,0.3125,0.003179650238473768
0.56,0.13,0.31,0.006359300476947536
0.56,0.1325,0.3075,0.006359300476947536
0.56,0.135,0.305,0.009538950715421303
0.56,0.1375,0.3025,0.009538950715421303
0.56,0.14,0.3,0.011128775834658187
0.56,0.1425,0.2975,0.019077901430842606
0.56,0.145,0.295,0.02702702702702703
0.56,0.1475,0.2925,0.04133545310015898
0.56,0.15,0.29,0.057233704292527825
0.56,0.1525,0.2875,0.08267090620031796
0.56,0.155,0.285,0.09062003179650238
0.56,0.1575,0.2825,0.10810810810810811
0.56,0.16,0.28,0.11446740858505565
0.56,0.1625,0.2775,0.15580286168521462
0.56,0.165,0.275,0.19236883942766295
0.56,0.1675,0.2725,0.20985691573926868
0.56,0.17,0.27,0.2702702702702703
0.56,0.1725,0.2675,0.2686804451510334
0.56,0.175,0.265,0.2972972972972973
0.56,0.1775,0.2625,0.3481717011128776
0.56,0.18,0.26,0.34340222575516693
0.56,0.1825,0.2575,0.3958664546899841
0.56,0.185,0.255,0.43084260731319557
0.56,0.1875,0.2525,0.45151033386327505
0.56,0.19,0.25,0.4578696343402226
0.56,0.1925,0.2475,0.5310015898251192
0.56,0.195,0.245,0.49920508744038156
0.56,0.1975,0.2425,0.5930047694753577
0.56,0.2,0.24,0.604133545310016
0.56,0.2025,0.2375,0.5993640699523053
0.56,0.205,0.235,0.6406995230524642
0.56,0.2075,0.2325,0.6772655007949125
0.56,0.21,0.23,0.615262321144674
0.56,0.2125,0.2275,0.6454689984101749
0.56,0.215,0.225,0.6263910969793323
0.56,0.2175,0.2225,0.6883942766295708
0.56,0.22,0.22,0.6470588235294118
0.56,0.2225,0.2175,0.6009538950715422
0.56,0.225,0.215,0.6375198728139905
0.56,0.2275,0.2125,0.6359300476947536
0.56,0.23,0.21,0.6025437201907791
0.56,0.2325,0.2075,0.575516693163752
0.56,0.235,0.205,0.5564387917329093
0.56,0.2375,0.2025,0.5214626391096979
0.56,0.24,0.2,0.4848966613672496
0.56,0.2425,0.1975,0.3942766295707472
0.56,0.245,0.195,0.36089030206677264
0.56,0.2475,0.1925,0.40063593004769477
0.56,0.25,0.19,0.32432432432432434
0.56,0.2525,0.1875,0.29093799682034976
0.56,0.255,0.185,0.2575516693163752
0.56,0.2575,0.1825,0.23529411764705882
0.56,0.26,0.18,0.22416534181240064
0.56,0.2625,0.1775,0.22098569157392686
0.56,0.265,0.175,0.1669316375198728
0.56,0.2675,0.1725,0.1573926868044515
0.56,0.27,0.17,0.1192368839427663
0.56,0.2725,0.1675,0.08744038155802862
0.56,0.275,0.165,0.08267090620031796
0.56,0.2775,0.1625,0.06200317965023847
0.56,0.28,0.16,0.06041335453100159
0.56,0.2825,0.1575,0.05564387917329094
0.56,0.285,0.155,0.03179650238473768
0.56,0.2875,0.1525,0.03179650238473768
0.56,0.29,0.15,0.02384737678855326
0.56,0.2925,0.1475,0.017488076311605722
0.56,0.295,0.145,0.009538950715421303
0.56,0.2975,0.1425,0.0047694753577106515
0.56,0.3,0.14,0.006359300476947536
0.56,0.305,0.135,0.001589825119236884
0.56,0.3075,0.1325,0.0047694753577106515
0.56,0.31,0.13,0.003179650238473768
0.56,0.3125,0.1275,0.001589825119236884
0.5625,0.1175,0.32,0.001589825119236884
0.5625,0.12,0.3175,0.001589825119236884
0.5625,0.1225,0.315,0.001589825119236884
0.5625,0.125,0.3125,0.003179650238473768
0.5625,0.1275,0.31,0.003179650238473768
0.5625,0.1325,0.305,0.0047694753577106515
0.5625,0.135,0.3025,0.014308426073131956
0.5625,0.1375,0.3,0.00794912559618442
0.5625,0.14,0.2975,0.0047694753577106515
0.5625,0.1425,0.295,0.02066772655007949
0.5625,0.145,0.2925,0.0397456279809221
0.5625,0.1475,0.29,0.04451510333863275
0.5625,0.15,0.2875,0.05564387917329094
0.5625,0.1525,0.285,0.06041335453100159
0.5625,0.155,0.2825,0.09538950715421304
0.5625,0.1575,0.28,0.10015898251192369
0.5625,0.16,0.2775,0.10015898251192369
0.5625,0.1625,0.275,0.14467408585055644
0.5625,0.165,0.2725,0.1669316375198728
0.5625,0.1675,0.27,0.1971383147853736
0.5625,0.17,0.2675,0.21939586645468998
0.5625,0.1725,0.265,0.21939586645468998
0.5625,0.175,0.2625,0.22257551669316375
0.5625,0.1775,0.26,0.26232114467408585
0.5625,0.18,0.2575,0.2718600953895072
0.5625,0.1825,0.255,0.3195548489666137
0.5625,0.185,0.2525,0.35294117647058826
0.5625,0.1875,0.25,0.3465818759936407
0.5625,0.19,0.2475,0.3815580286168522
0.5625,0.1925,0.245,0.397456279809221
0.5625,0.195,0.2425,0.4483306836248013
0.5625,0.1975,0.24,0.48807631160572335
0.5625,0.2,0.2375,0.505564387917329
0.5625,0.2025,0.235,0.5071542130365659
0.5625,0.205,0.2325,0.5325914149443561
0.5625,0.2075,0.23,0.5214626391096979
0.5625,0.21,0.2275,0.48966613672496023
0.5625,0.2125,0.225,0.4562798092209857
0.5625,0.215,0.2225,0.44992050874403816
0.5625,0.2175,0.22,0.48966613672496023
0.5625,0.22,0.2175,0.44992050874403816
0.5625,0.2225,0.215,0.4610492845786963
0.5625,0.225,0.2125,0.48807631160572335
0.5625,0.2275,0.21,0.48171701112877585
0.5625,0.23,0.2075,0.4292527821939587
0.5625,0.2325,0.205,0.43879173290937995
0.5625,0.235,0.2025,0.40222575516693165
0.5625,0.2375,0.2,0.35135135135135137
0.5625,0.24,0.1975,0.3004769475357711
0.5625,0.2425,0.195,0.2845786963434022
0.5625,0.245,0.1925,0.2718600953895072
0.5625,0.2475,0.19,0.2702702702702703
0.5625,0.25,0.1875,0.24006359300476948
0.5625,0.2525,0.185,0.20349761526232116
0.5625,0.255,0.1825,0.17647058823529413
0.5625,0.2575,0.18,0.17488076311605724
0.5625,0.26,0.1775,0.1478537360890302
0.5625,0.2625,0.175,0.13036565977742448
0.5625,0.265,0.1725,0.11287758346581876
0.5625,0.2675,0.17,0.10174880763116058
0.5625,0.27,0.1675,0.07472178060413355
0.5625,0.2725,0.165,0.07313195548489666
0.5625,0.275,0.1625,0.0492845786963434
0.5625,0.2775,0.16,0.03179650238473768
0.5625,0.28,0.1575,0.04451510333863275
0.5625,0.2825,0.155,0.025437201907790145
0.5625,0.285,0.1525,0.019077901430842606
0.5625,0.2875,0.15,0.022257551669316374
0.5625,0.29,0.1475,0.014308426073131956
0.5625,0.2925,0.145,0.006359300476947536
0.5625,0.295,0.1425,0.006359300476947536
0.5625,0.2975,0.14,0.00794912559618442
0.5625,0.3,0.1375,0.003179650238473768
0.5625,0.3025,0.135,0.001589825119236884
0.5625,0.305,0.1325,0.001589825119236884
0.5625,0.3075,0.13,0.0047694753577106515
0.5625,0.31,0.1275,0.003179650238473768
0.565,0.1225,0.3125,0.001589825119236884
0.565,0.125,0.31,0.003179650238473768
0.565,0.1275,0.3075,0.003179650238473768
0.565,0.13,0.305,0.001589825119236884
0.565,0.1325,0.3025,0.003179650238473768
0.565,0.135,0.3,0.006359300476947536
0.565,0.1375,0.2975,0.001589825119236884
0.565,0.14,0.295,0.012718600953895072
0.565,0.1425,0.2925,0.028616852146263912
0.565,0.145,0.29,0.03179650238473768
0.565,0.1475,0.2875,0.03656597774244833
0.565,0.15,0.285,0.030206677265500796
0.565,0.1525,0.2825,0.04292527821939587
0.565,0.155,0.28,0.06041335453100159
0.565,0.1575,0.2775,0.06200317965023847
0.565,0.16,0.275,0.07472178060413355
0.565,0.1625,0.2725,0.10969793322734499
0.565,0.165,0.27,0.1287758346581876
0.565,0.1675,0.2675,0.11764705882352941
0.565,0.17,0.265,0.1383147853736089
0.565,0.1725,0.2625,0.1669316375198728
0.565,0.175,0.26,0.18441971383147854
0.565,0.1775,0.2575,0.22575516693163752
0.565,0.18,0.255,0.23370429252782193
0.565,0.1825,0.2525,0.2480127186009539
0.565,0.185,0.25,0.2655007949125596
0.565,0.1875,0.2475,0.26391096979332274
0.565,0.19,0.245,0.2861685214626391
0.565,0.1925,0.2425,0.3004769475357711
0.565,0.195,0.24,0.302066772655008
0.565,0.1975,0.2375,0.3465818759936407
0.565,0.2,0.235,0.34022257551669316
0.565,0.2025,0.2325,0.3481717011128776
0.565,0.205,0.23,0.3815580286168522
0.565,0.2075,0.2275,0.3656597774244833
0.565,0.21,0.225,0.36089030206677264
0.565,0.2125,0.2225,0.3275039745627981
0.565,0.215,0.22,0.32591414944356123
0.565,0.2175,0.2175,0.32909379968203495
0.565,0.22,0.215,0.3163751987281399
0.565,0.2225,0.2125,0.3163751987281399
0.565,0.225,0.21,0.3322734499205087
0.565,0.2275,0.2075,0.32909379968203495
0.565,0.23,0.205,0.32909379968203495
0.565,0.2325,0.2025,0.34181240063593005
0.565,0.235,0.2,0.29411764705882354
0.565,0.2375,0.1975,0.23529411764705882
0.565,0.24,0.195,0.27344992050874406
0.565,0.2425,0.1925,0.24006359300476948
0.565,0.245,0.19,0.2082670906200318
0.565,0.2475,0.1875,0.20031796502384738
0.565,0.25,0.185,0.1589825119236884
0.565,0.2525,0.1825,0.14149443561208266
0.565,0.255,0.18,0.14467408585055644
0.565,0.2575,0.1775,0.11128775834658187
0.565,0.26,0.175,0.09220985691573927
0.565,0.2625,0.1725,0.09220985691573927
0.565,0.265,0.17,0.09538950715421304
0.565,0.2675,0.1675,0.06200317965023847
0.565,0.27,0.165,0.06836248012718601
0.565,0.2725,0.1625,0.0492845786963434
0.565,0.275,0.16,0.034976152623211444
0.565,0.2775,0.1575,0.02066772655007949
0.565,0.28,0.155,0.017488076311605722
0.565,0.2825,0.1525,0.01589825119236884
0.565,0.285,0.15,0.02066772655007949
0.565,0.2875,0.1475,0.011128775834658187
0.565,0.29,0.145,0.00794912559618442
0.565,0.2925,0.1425,0.001589825119236884
0.565,0.295,0.14,0.00794912559618442
0.565,0.2975,0.1375,0.003179650238473768
0.565,0.3,0.135,0.003179650238473768
0.565,0.305,0.13,0.001589825119236884
0.565,0.3075,0.1275,0.0047694753577106515
0.5675,0.1225,0.31,0.001589825119236884
0.5675,0.125,0.3075,0.003179650238473768
0.5675,0.1275,0.305,0.001589825119236884
0.5675,0.1375,0.295,0.012718600953895072
0.5675,0.14,0.2925,0.019077901430842606
0.5675,0.1425,0.29,0.019077901430842606
0.5675,0.145,0.2875,0.01589825119236884
0.5675,0.1475,0.285,0.012718600953895072
0.5675,0.15,0.2825,0.02384737678855326
0.5675,0.1525,0.28,0.030206677265500796
0.5675,0.155,0.2775,0.02702702702702703
0.5675,0.1575,0.275,0.04769475357710652
0.5675,0.16,0.2725,0.06041335453100159
0.5675,0.1625,0.27,0.06677265500794913
0.5675,0.165,0.2675,0.08744038155802862
0.5675,0.1675,0.265,0.0890302066772655
0.5675,0.17,0.2625,0.11128775834658187
0.5675,0.1725,0.26,0.14308426073131955
0.5675,0.175,0.2575,0.11764705882352941
0.5675,0.1775,0.255,0.16375198728139906
0.5675,0.18,0.2525,0.15421303656597773
0.5675,0.1825,0.25,0.16375198728139906
0.5675,0.185,0.2475,0.18282988871224165
0.5675,0.1875,0.245,0.21303656597774245
0.5675,0.19,0.2425,0.24960254372019078
0.5675,0.1925,0.24,0.21621621621621623
0.5675,0.195,0.2375,0.22098569157392686
0.5675,0.1975,0.235,0.23370429252782193
0.5675,0.2,0.2325,0.24960254372019078
0.5675,0.2025,0.23,0.24006359300476948
0.5675,0.205,0.2275,0.22575516693163752
0.5675,0.2075,0.225,0.22098569157392686
0.5675,0.21,0.2225,0.23370429252782193
0.5675,0.2125,0.22,0.20508744038155802
0.5675,0.215,0.2175,0.2273449920508744
0.5675,0.2175,0.215,0.1971383147853736
0.5675,0.22,0.2125,0.2066772655007949
0.5675,0.2225,0.21,0.21621621621621623
0.5675,0.225,0.2075,0.20031796502384738
0.5675,0.2275,0.205,0.21303656597774245
0.5675,0.23,0.2025,0.21144674085850557
0.5675,0.2325,0.2,0.20031796502384738
0.5675,0.235,0.1975,0.18282988871224165
0.5675,0.2375,0.195,0.20031796502384738
0.5675,0.24,0.1925,0.19554848966613672
0.5675,0.2425,0.19,0.19236883942766295
0.5675,0.245,0.1875,0.16216216216216217
0.5675,0.2475,0.185,0.1271860095389507
0.5675,0.25,0.1825,0.11605723370429252
0.5675,0.2525,0.18,0.09697933227344992
0.5675,0.255,0.1775,0.09062003179650238
0.5675,0.2575,0.175,0.07313195548489666
0.5675,0.26,0.1725,0.05564387917329094
0.5675,0.2625,0.17,0.057233704292527825
0.5675,0.265,0.1675,0.04133545310015898
0.5675,0.2675,0.165,0.04292527821939587
0.5675,0.27,0.1625,0.019077901430842606
0.5675,0.2725,0.16,0.02702702702702703
0.5675,0.275,0.1575,0.02066772655007949
0.5675,0.2775,0.155,0.01589825119236884
0.5675,0.28,0.1525,0.01589825119236884
0.5675,0.2825,0.15,0.017488076311605722
0.5675,0.285,0.1475,0.011128775834658187
0.5675,0.2875,0.145,0.003179650238473768
0.5675,0.29,0.1425,0.0047694753577106515
0.5675,0.2925,0.14,0.0047694753577106515
0.5675,0.295,0.1375,0.0047694753577106515
0.5675,0.2975,0.135,0.003179650238473768
0.5675,0.305,0.1275,0.001589825119236884
0.5675,0.3175,0.115,0.001589825119236884
0.5675,0.32,0.1125,0.001589825119236884
0.57,0.1225,0.3075,0.001589825119236884
0.57,0.125,0.305,0.001589825119236884
0.57,0.1275,0.3025,0.0047694753577106515
0.57,0.13,0.3,0.001589825119236884
0.57,0.1325,0.2975,0.001589825119236884
0.57,0.135,0.295,0.009538950715421303
0.57,0.1375,0.2925,0.014308426073131956
0.57,0.14,0.29,0.006359300476947536
0.57,0.1425,0.2875,0.00794912559618442
0.57,0.145,0.285,0.0047694753577106515
0.57,0.1475,0.2825,0.02384737678855326
0.57,0.15,0.28,0.02702702702702703
0.57,0.1525,0.2775,0.02384737678855326
0.57,0.155,0.275,0.034976152623211444
0.57,0.1575,0.2725,0.0397456279809221
0.57,0.16,0.27,0.030206677265500796
0.57,0.1625,0.2675,0.0492845786963434
0.57,0.165,0.265,0.06200317965023847
0.57,0.1675,0.2625,0.06518282988871224
0.57,0.17,0.26,0.09379968203497616
0.57,0.1725,0.2575,0.08267090620031796
0.57,0.175,0.255,0.0794912559618442
0.57,0.1775,0.2525,0.10810810810810811
0.57,0.18,0.25,0.10651828298887123
0.57,0.1825,0.2475,0.12082670906200318
0.57,0.185,0.245,0.1271860095389507
0.57,0.1875,0.2425,0.16216216216216217
0.57,0.19,0.24,0.151033386327504
0.57,0.1925,0.2375,0.1478537360890302
0.57,0.195,0.235,0.1287758346581876
0.57,0.1975,0.2325,0.1589825119236884
0.57,0.2,0.23,0.17170111287758347
0.57,0.2025,0.2275,0.13513513513513514
0.57,0.205,0.225,0.12241653418124006
0.57,0.2075,0.2225,0.12400635930047695
0.57,0.21,0.22,0.13195548489666137
0.57,0.2125,0.2175,0.15421303656597773
0.57,0.215,0.215,0.15421303656597773
0.57,0.2175,0.2125,0.13354531001589826
0.57,0.22,0.21,0.15262321144674085
0.57,0.2225,0.2075,0.13672496025437203
0.57,0.225,0.205,0.1478537360890302
0.57,0.2275,0.2025,0.13990461049284578
0.57,0.23,0.2,0.1287758346581876
0.57,0.2325,0.1975,0.12559618441971382
0.57,0.235,0.195,0.12241653418124006
0.57,0.2375,0.1925,0.11128775834658187
0.57,0.24,0.19,0.11605723370429252
0.57,0.2425,0.1875,0.0985691573926868
0.57,0.245,0.185,0.0794912559618442
0.57,0.2475,0.1825,0.0890302066772655
0.57,0.25,0.18,0.07154213036565978
0.57,0.2525,0.1775,0.06200317965023847
0.57,0.255,0.175,0.07154213036565978
0.57,0.2575,0.1725,0.04133545310015898
0.57,0.26,0.17,0.0397456279809221
0.57,0.2625,0.1675,0.030206677265500796
0.57,0.265,0.165,0.033386327503974564
0.57,0.2675,0.1625,0.03179650238473768
0.57,0.27,0.16,0.02066772655007949
0.57,0.2725,0.1575,0.014308426073131956
0.57,0.275,0.155,0.011128775834658187
0.57,0.2775,0.1525,0.014308426073131956
0.57,0.28,0.15,0.00794912559618442
0.57,0.2825,0.1475,0.00794912559618442
0.57,0.285,0.145,0.001589825119236884
0.57,0.29,0.14,0.003179650238473768
0.57,0.295,0.135,0.001589825119236884
0.57,0.305,0.125,0.001589825119236884
0.57,0.3175,0.1125,0.001589825119236884
0.5725,0.115,0.3125,0.001589825119236884
0.5725,0.1175,0.31,0.001589825119236884
0.5725,0.125,0.3025,0.003179650238473768
0.5725,0.1275,0.3,0.0047694753577106515
0.5725,0.1325,0.295,0.001589825119236884
0.5725,0.135,0.2925,0.003179650238473768
0.5725,0.1375,0.29,0.003179650238473768
0.5725,0.14,0.2875,0.003179650238473768
0.5725,0.1425,0.285,0.0047694753577106515
0.5725,0.145,0.2825,0.009538950715421303
0.5725,0.1475,0.28,0.017488076311605722
0.5725,0.15,0.2775,0.011128775834658187
0.5725,0.1525,0.275,0.019077901430842606
0.5725,0.155,0.2725,0.02702702702702703
0.5725,0.1575,0.27,0.012718600953895072
0.5725,0.16,0.2675,0.025437201907790145
0.5725,0.1625,0.265,0.03656597774244833
0.5725,0.165,0.2625,0.0492845786963434
0.5725,0.1675,0.26,0.04769475357710652
0.5725,0.17,0.2575,0.05564387917329094
0.5725,0.1725,0.255,0.046104928457869634
0.5725,0.175,0.2525,0.05246422893481717
0.5725,0.1775,0.25,0.06200317965023847
0.5725,0.18,0.2475,0.08426073131955485
0.5725,0.1825,0.245,0.09062003179650238
0.5725,0.185,0.2425,0.08426073131955485
0.5725,0.1875,0.24,0.08426073131955485
0.5725,0.19,0.2375,0.08267090620031796
0.5725,0.1925,0.235,0.07154213036565978
0.5725,0.195,0.2325,0.07154213036565978
0.5725,0.1975,0.23,0.10174880763116058
0.5725,0.2,0.2275,0.09379968203497616
0.5725,0.2025,0.225,0.08267090620031796
0.5725,0.205,0.2225,0.07472178060413355
0.5725,0.2075,0.22,0.10492845786963434
0.5725,0.21,0.2175,0.0985691573926868
0.5725,0.2125,0.215,0.09062003179650238
0.5725,0.215,0.2125,0.10015898251192369
0.5725,0.2175,0.21,0.08426073131955485
0.5725,0.22,0.2075,0.09062003179650238
0.5725,0.2225,0.205,0.08744038155802862
0.5725,0.225,0.2025,0.09220985691573927
0.5725,0.2275,0.2,0.07790143084260731
0.5725,0.23,0.1975,0.07790143084260731
0.5725,0.2325,0.195,0.07154213036565978
0.5725,0.235,0.1925,0.05246422893481717
0.5725,0.2375,0.19,0.04769475357710652
0.5725,0.24,0.1875,0.057233704292527825
0.5725,0.2425,0.185,0.0492845786963434
0.5725,0.245,0.1825,0.04451510333863275
0.5725,0.2475,0.18,0.057233704292527825
0.5725,0.25,0.1775,0.05246422893481717
0.5725,0.2525,0.175,0.04292527821939587
0.5725,0.255,0.1725,0.033386327503974564
0.5725,0.2575,0.17,0.034976152623211444
0.5725,0.26,0.1675,0.02702702702702703
0.5725,0.2625,0.165,0.019077901430842606
0.5725,0.265,0.1625,0.014308426073131956
0.5725,0.2675,0.16,0.014308426073131956
0.5725,0.27,0.1575,0.009538950715421303
0.5725,0.2725,0.155,0.0047694753577106515
0.5725,0.275,0.1525,0.009538950715421303
0.5725,0.2775,0.15,0.009538950715421303
0.5725,0.28,0.1475,0.0047694753577106515
0.5725,0.2825,0.145,0.001589825119236884
0.5725,0.3025,0.125,0.001589825119236884
0.575,0.115,0.31,0.001589825119236884
0.575,0.125,0.3,0.001589825119236884
0.575,0.1275,0.2975,0.001589825119236884
0.575,0.135,0.29,0.0047694753577106515
0.575,0.1375,0.2875,0.0047694753577106515
0.575,0.14,0.285,0.0047694753577106515
0.575,0.1425,0.2825,0.0047694753577106515
0.575,0.145,0.28,0.00794912559618442
0.575,0.1475,0.2775,0.006359300476947536
0.575,0.15,0.275,0.0047694753577106515
0.575,0.1525,0.2725,0.011128775834658187
0.575,0.155,0.27,0.009538950715421303
0.575,0.1575,0.2675,0.01589825119236884
0.575,0.16,0.265,0.012718600953895072
0.575,0.1625,0.2625,0.02384737678855326
0.575,0.165,0.26,0.028616852146263912
0.575,0.1675,0.2575,0.028616852146263912
0.575,0.17,0.255,0.025437201907790145
0.575,0.1725,0.2525,0.017488076311605722
0.575,0.175,0.25,0.03656597774244833
0.575,0.1775,0.2475,0.04292527821939587
0.575,0.18,0.245,0.0397456279809221
0.575,0.1825,0.2425,0.06041335453100159
0.575,0.185,0.24,0.04769475357710652
0.575,0.1875,0.2375,0.04451510333863275
0.575,0.19,0.235,0.0397456279809221
0.575,0.1925,0.2325,0.04133545310015898
0.575,0.195,0.23,0.04769475357710652
0.575,0.1975,0.2275,0.05246422893481717
0.575,0.2,0.225,0.05087440381558029
0.575,0.2025,0.2225,0.046104928457869634
0.575,0.205,0.22,0.05564387917329094
0.575,0.2075,0.2175,0.06677265500794913
0.575,0.21,0.215,0.04451510333863275
0.575,0.2125,0.2125,0.05564387917329094
0.575,0.215,0.21,0.05087440381558029
0.575,0.2175,0.2075,0.0492845786963434
0.575,0.22,0.205,0.0492845786963434
0.575,0.2225,0.2025,0.06677265500794913
0.575,0.225,0.2,0.04133545310015898
0.575,0.2275,0.1975,0.046104928457869634
0.575,0.23,0.195,0.04292527821939587
0.575,0.2325,0.1925,0.04133545310015898
0.575,0.235,0.19,0.03179650238473768
0.575,0.2375,0.1875,0.033386327503974564
0.575,0.24,0.185,0.02702702702702703
0.575,0.2425,0.1825,0.028616852146263912
0.575,0.245,0.18,0.025437201907790145
0.575,0.2475,0.1775,0.030206677265500796
0.575,0.25,0.175,0.022257551669316374
0.575,0.2525,0.1725,0.019077901430842606
0.575,0.255,0.17,0.019077901430842606
0.575,0.2575,0.1675,0.014308426073131956
0.575,0.26,0.165,0.01589825119236884
0.575,0.2625,0.1625,0.01589825119236884
0.575,0.265,0.16,0.006359300476947536
0.575,0.2675,0.1575,0.006359300476947536
0.575,0.27,0.155,0.0047694753577106515
0.575,0.2725,0.1525,0.003179650238473768
0.575,0.275,0.15,0.006359300476947536
0.575,0.2775,0.1475,0.0047694753577106515
0.575,0.28,0.145,0.003179650238473768
0.575,0.2825,0.1425,0.003179650238473768
0.575,0.29,0.135,0.001589825119236884
0.5775,0.1225,0.3,0.001589825119236884
0.5775,0.125,0.2975,0.001589825119236884
0.5775,0.1325,0.29,0.003179650238473768
0.5775,0.135,0.2875,0.001589825119236884
0.5775,0.1375,0.285,0.001589825119236884
0.5775,0.1425,0.28,0.003179650238473768
0.5775,0.145,0.2775,0.006359300476947536
0.5775,0.1475,0.275,0.006359300476947536
0.5775,0.15,0.2725,0.006359300476947536
0.5775,0.1525,0.27,0.003179650238473768
0.5775,0.155,0.2675,0.006359300476947536
0.5775,0.1575,0.265,0.006359300476947536
0.5775,0.16,0.2625,0.011128775834658187
0.5775,0.1625,0.26,0.00794912559618442
0.5775,0.165,0.2575,0.01589825119236884
0.5775,0.1675,0.255,0.014308426073131956
0.5775,0.17,0.2525,0.014308426073131956
0.5775,0.1725,0.25,0.02384737678855326
0.5775,0.175,0.2475,0.019077901430842606
0.5775,0.1775,0.245,0.014308426073131956
0.5775,0.18,0.2425,0.022257551669316374
0.5775,0.1825,0.24,0.033386327503974564
0.5775,0.185,0.2375,0.02702702702702703
0.5775,0.1875,0.235,0.01589825119236884
0.5775,0.19,0.2325,0.02384737678855326
0.5775,0.1925,0.23,0.030206677265500796
0.5775,0.195,0.2275,0.02384737678855326
0.5775,0.1975,0.225,0.025437201907790145
0.5775,0.2,0.2225,0.02384737678855326
0.5775,0.2025,0.22,0.028616852146263912
0.5775,0.205,0.2175,0.04133545310015898
0.5775,0.2075,0.215,0.030206677265500796
0.5775,0.21,0.2125,0.02702702702702703
0.5775,0.2125,0.21,0.028616852146263912
0.5775,0.215,0.2075,0.03656597774244833
0.5775,0.2175,0.205,0.030206677265500796
0.5775,0.22,0.2025,0.030206677265500796
0.5775,0.2225,0.2,0.028616852146263912
0.5775,0.225,0.1975,0.012718600953895072
0.5775,0.2275,0.195,0.022257551669316374
0.5775,0.23,0.1925,0.02384737678855326
0.5775,0.2325,0.19,0.028616852146263912
0.5775,0.235,0.1875,0.02066772655007949
0.5775,0.2375,0.185,0.01589825119236884
0.5775,0.24,0.1825,0.014308426073131956
0.5775,0.2425,0.18,0.019077901430842606
0.5775,0.245,0.1775,0.014308426073131956
0.5775,0.2475,0.175,0.01589825119236884
0.5775,0.25,0.1725,0.011128775834658187
0.5775,0.2525,0.17,0.011128775834658187
0.5775,0.255,0.1675,0.00794912559618442
0.5775,0.2575,0.165,0.00794912559618442
0.5775,0.26,0.1625,0.012718600953895072
0.5775,0.2625,0.16,0.0047694753577106515
0.5775,0.265,0.1575,0.0047694753577106515
0.5775,0.2675,0.155,0.0047694753577106515
0.5775,0.27,0.1525,0.0047694753577106515
0.5775,0.2725,0.15,0.003179650238473768
0.5775,0.275,0.1475,0.003179650238473768
0.5775,0.2775,0.145,0.003179650238473768
0.5775,0.28,0.1425,0.003179650238473768
0.5775,0.2825,0.14,0.003179650238473768
0.5775,0.2875,0.135,0.001589825119236884
0.5775,0.29,0.1325,0.001589825119236884
0.58,0.1225,0.2975,0.001589825119236884
0.58,0.145,0.275,0.0047694753577106515
0.58,0.1475,0.2725,0.0047694753577106515
0.58,0.15,0.27,0.0047694753577106515
0.58,0.1525,0.2675,0.0047694753577106515
0.58,0.155,0.265,0.003179650238473768
0.58,0.1575,0.2625,0.009538950715421303
0.58,0.16,0.26,0.00794912559618442
0.58,0.1625,0.2575,0.003179650238473768
0.58,0.165,0.255,0.012718600953895072
0.58,0.1675,0.2525,0.011128775834658187
0.58,0.17,0.25,0.01589825119236884
0.58,0.1725,0.2475,0.011128775834658187
0.58,0.175,0.245,0.003179650238473768
0.58,0.1775,0.2425,0.006359300476947536
0.58,0.18,0.24,0.012718600953895072
0.58,0.1825,0.2375,0.022257551669316374
0.58,0.185,0.235,0.017488076311605722
0.58,0.1875,0.2325,0.019077901430842606
0.58,0.19,0.23,0.01589825119236884
0.58,0.1925,0.2275,0.012718600953895072
0.58,0.195,0.225,0.01589825119236884
0.58,0.1975,0.2225,0.02066772655007949
0.58,0.2,0.22,0.02066772655007949
0.58,0.2025,0.2175,0.02066772655007949
0.58,0.205,0.215,0.012718600953895072
0.58,0.2075,0.2125,0.009538950715421303
0.58,0.21,0.21,0.006359300476947536
0.58,0.2125,0.2075,0.014308426073131956
0.58,0.215,0.205,0.02066772655007949
0.58,0.2175,0.2025,0.019077901430842606
0.58,0.22,0.2,0.00794912559618442
0.58,0.2225,0.1975,0.00794912559618442
0.58,0.225,0.195,0.01589825119236884
0.58,0.2275,0.1925,0.012718600953895072
0.58,0.23,0.19,0.017488076311605722
0.58,0.2325,0.1875,0.011128775834658187
0.58,0.235,0.185,0.014308426073131956
0.58,0.2375,0.1825,0.006359300476947536
0.58,0.24,0.18,0.009538950715421303
0.58,0.2425,0.1775,0.01589825119236884
0.58,0.245,0.175,0.012718600953895072
0.58,0.2475,0.1725,0.006359300476947536
0.58,0.25,0.17,0.00794912559618442
0.58,0.2525,0.1675,0.003179650238473768
0.58,0.255,0.165,0.001589825119236884
0.58,0.2575,0.1625,0.003179650238473768
0.58,0.26,0.16,0.001589825119236884
0.58,0.2625,0.1575,0.001589825119236884
0.58,0.2675,0.1525,0.001589825119236884
0.58,0.27,0.15,0.001589825119236884
0.58,0.275,0.145,0.001589825119236884
0.5825,0.145,0.2725,0.001589825119236884
0.5825,0.1475,0.27,0.001589825119236884
0.5825,0.15,0.2675,0.003179650238473768
0.5825,0.1525,0.265,0.001589825119236884
0.5825,0.155,0.2625,0.001589825119236884
0.5825,0.1575,0.26,0.001589825119236884
0.5825,0.16,0.2575,0.003179650238473768
0.5825,0.1625,0.255,0.003179650238473768
0.5825,0.165,0.2525,0.00794912559618442
0.5825,0.1675,0.25,0.003179650238473768
0.5825,0.17,0.2475,0.001589825119236884
0.5825,0.1725,0.245,0.003179650238473768
0.5825,0.175,0.2425,0.003179650238473768
0.5825,0.1775,0.24,0.006359300476947536
0.5825,0.18,0.2375,0.006359300476947536
0.5825,0.1825,0.235,0.00794912559618442
0.5825,0.185,0.2325,0.006359300476947536
0.5825,0.1875,0.23,0.011128775834658187
0.5825,0.19,0.2275,0.00794912559618442
0.5825,0.1925,0.225,0.009538950715421303
0.5825,0.195,0.2225,0.011128775834658187
0.5825,0.1975,0.22,0.006359300476947536
0.5825,0.2,0.2175,0.011128775834658187
0.5825,0.2025,0.215,0.00794912559618442
0.5825,0.205,0.2125,0.0047694753577106515
0.5825,0.2075,0.21,0.006359300476947536
0.5825,0.21,0.2075,0.0047694753577106515
0.5825,0.2125,0.205,0.00794912559618442
0.5825,0.215,0.2025,0.011128775834658187
0.5825,0.2175,0.2,0.00794912559618442
0.5825,0.2225,0.195,0.011128775834658187
0.5825,0.225,0.1925,0.011128775834658187
0.5825,0.2275,0.19,0.00794912559618442
0.5825,0.23,0.1875,0.006359300476947536
0.5825,0.2325,0.185,0.0047694753577106515
0.5825,0.235,0.1825,0.009538950715421303
0.5825,0.2375,0.18,0.003179650238473768
0.5825,0.24,0.1775,0.0047694753577106515
0.5825,0.2425,0.175,0.001589825119236884
0.5825,0.245,0.1725,0.001589825119236884
0.5825,0.2475,0.17,0.001589825119236884
0.5825,0.25,0.1675,0.003179650238473768
0.5825,0.2575,0.16,0.001589825119236884
0.5825,0.2625,0.155,0.001589825119236884
0.5825,0.265,0.1525,0.001589825119236884
0.5825,0.2675,0.15,0.001589825119236884
0.5825,0.27,0.1475,0.001589825119236884
0.5825,0.2725,0.145,0.001589825119236884
0.5825,0.285,0.1325,0.001589825119236884
0.585,0.145,0.27,0.001589825119236884
0.585,0.1525,0.2625,0.001589825119236884
0.585,0.1575,0.2575,0.003179650238473768
0.585,0.16,0.255,0.003179650238473768
0.585,0.1625,0.2525,0.001589825119236884
0.585,0.175,0.24,0.003179650238473768
0.585,0.1775,0.2375,0.001589825119236884
0.585,0.18,0.235,0.0047694753577106515
0.585,0.1825,0.2325,0.003179650238473768
0.585,0.185,0.23,0.0047694753577106515
0.585,0.1875,0.2275,0.006359300476947536
0.585,0.19,0.225,0.003179650238473768
0.585,0.1925,0.2225,0.006359300476947536
0.585,0.195,0.22,0.003179650238473768
0.585,0.1975,0.2175,0.001589825119236884
0.585,0.2,0.215,0.003179650238473768
0.585,0.2025,0.2125,0.001589825119236884
0.585,0.205,0.21,0.0047694753577106515
0.585,0.2075,0.2075,0.003179650238473768
0.585,0.21,0.205,0.0047694753577106515
0.585,0.215,0.2,0.003179650238473768
0.585,0.2175,0.1975,0.001589825119236884
0.585,0.22,0.195,0.0047694753577106515
0.585,0.2225,0.1925,0.00794912559618442
0.585,0.2275,0.1875,0.001589825119236884
0.585,0.23,0.185,0.001589825119236884
0.585,0.2325,0.1825,0.003179650238473768
0.585,0.2375,0.1775,0.0047694753577106515
0.585,0.24,0.175,0.003179650238473768
0.585,0.2425,0.1725,0.001589825119236884
0.585,0.255,0.16,0.003179650238473768
0.585,0.2575,0.1575,0.003179650238473768
0.585,0.2675,0.1475,0.001589825119236884
0.585,0.27,0.145,0.001589825119236884
0.585,0.2725,0.1425,0.001589825119236884
0.585,0.2825,0.1325,0.001589825119236884
0.585,0.285,0.13,0.001589825119236884
0.5875,0.1325,0.28,0.001589825119236884
0.5875,0.135,0.2775,0.001589825119236884
0.5875,0.1425,0.27,0.001589825119236884
0.5875,0.145,0.2675,0.001589825119236884
0.5875,0.1575,0.255,0.001589825119236884
0.5875,0.16,0.2525,0.001589825119236884
0.5875,0.1675,0.245,0.001589825119236884
0.5875,0.175,0.2375,0.001589825119236884
0.5875,0.1775,0.235,0.001589825119236884
0.5875,0.18,0.2325,0.001589825119236884
0.5875,0.185,0.2275,0.003179650238473768
0.5875,0.19,0.2225,0.001589825119236884
0.5875,0.1925,0.22,0.001589825119236884
0.5875,0.195,0.2175,0.001589825119236884
0.5875,0.1975,0.215,0.001589825119236884
0.5875,0.2025,0.21,0.001589825119236884
0.5875,0.205,0.2075,0.001589825119236884
0.5875,0.2075,0.205,0.003179650238473768
0.5875,0.21,0.2025,0.001589825119236884
0.5875,0.2175,0.195,0.001589825119236884
0.5875,0.22,0.1925,0.001589825119236884
0.5875,0.225,0.1875,0.001589825119236884
0.5875,0.2275,0.185,0.001589825119236884
0.5875,0.23,0.1825,0.001589825119236884
0.5875,0.235,0.1775,0.001589825119236884
0.5875,0.2375,0.175,0.001589825119236884
0.5875,0.24,0.1725,0.001589825119236884
0.5875,0.255,0.1575,0.001589825119236884
0.59,0.1325,0.2775,0.001589825119236884
0.59,0.16,0.25,0.001589825119236884
0.59,0.1625,0.2475,0.003179650238473768
0.59,0.165,0.245,0.001589825119236884
0.59,0.1675,0.2425,0.001589825119236884
0.59,0.1725,0.2375,0.001589825119236884
0.59,0.1775,0.2325,0.001589825119236884
0.59,0.1925,0.2175,0.001589825119236884
0.59,0.195,0.215,0.001589825119236884
0.59,0.2025,0.2075,0.001589825119236884
0.59,0.205,0.205,0.001589825119236884
0.59,0.2225,0.1875,0.001589825119236884
0.59,0.2375,0.1725,0.001589825119236884
0.59,0.24,0.17,0.001589825119236884
0.5925,0.16,0.2475,0.003179650238473768
0.5925,0.1625,0.245,0.001589825119236884
0.5925,0.17,0.2375,0.001589825119236884
0.5925,0.1725,0.235,0.001589825119236884
0.5925,0.22,0.1875,0.001589825119236884
0.5925,0.2225,0.185,0.001589825119236884
