0.524,0.211,0.265,0.0001
0.524,0.224,0.252,0.0001
0.526,0.175,0.299,0.0001
0.526,0.236,0.238,0.0001
0.526,0.261,0.213,0.0001
0.527,0.159,0.314,0.0001
0.527,0.206,0.267,0.0001
0.527,0.222,0.251,0.0001
0.527,0.227,0.246,0.0001
0.527,0.238,0.235,0.0001
0.527,0.241,0.232,0.0001
0.527,0.249,0.224,0.0001
0.527,0.251,0.222,0.0001
0.528,0.212,0.26,0.0001
0.528,0.216,0.256,0.0001
0.528,0.244,0.228,0.0001
0.528,0.248,0.224,0.0001
0.529,0.19,0.281,0.0001
0.529,0.207,0.264,0.0001
0.529,0.227,0.244,0.0001
0.529,0.246,0.225,0.0001
0.529,0.247,0.224,0.0001
0.529,0.249,0.222,0.0001
0.529,0.269,0.202,0.0001
0.529,0.271,0.2,0.0001
0.529,0.273,0.198,0.0001
0.53,0.185,0.285,0.0001
0.53,0.186,0.284,0.0001
0.53,0.194,0.276,0.0001
0.53,0.209,0.261,0.0001
0.53,0.212,0.258,0.0001
0.53,0.221,0.249,0.0001
0.53,0.224,0.246,0.0001
0.53,0.228,0.242,0.0001
0.53,0.229,0.241,0.0001
0.53,0.234,0.236,0.0001
0.53,0.235,0.235,0.0001
0.53,0.237,0.233,0.0001
0.53,0.253,0.217,0.0001
0.53,0.293,0.177,0.0001
0.531,0.179,0.29,0.0001
0.531,0.196,0.273,0.0001
0.531,0.2,0.269,0.0001
0.531,0.201,0.268,0.0001
0.531,0.204,0.265,0.0001
0.531,0.209,0.26,0.0001
0.531,0.216,0.253,0.0001
0.531,0.218,0.251,0.0001
0.531,0.226,0.243,0.0001
0.531,0.228,0.241,0.0001
0.531,0.231,0.238,0.0002
0.531,0.232,0.237,0.0001
0.531,0.233,0.236,0.0001
0.531,0.234,0.235,0.0001
0.531,0.235,0.234,0.0001
0.531,0.24,0.229,0.0001
0.531,0.241,0.228,0.0001
0.531,0.242,0.227,0.0001
0.531,0.244,0.225,0.0001
0.531,0.256,0.213,0.0001
0.531,0.312,0.157,0.0001
0.532,0.182,0.286,0.0001
0.532,0.197,0.271,0.0001
0.532,0.198,0.27,0.0001
0.532,0.199,0.269,0.0001
0.532,0.205,0.263,0.0001
0.532,0.208,0.26,0.0001
0.532,0.217,0.251,0.0001
0.532,0.219,0.249,0.0001
0.532,0.224,0.244,0.0001
0.532,0.227,0.241,0.0001
0.532,0.23,0.238,0.0001
0.532,0.231,0.237,0.0001
0.532,0.238,0.23,0.0001
0.532,0.243,0.225,0.0001
0.532,0.244,0.224,0.0001
0.532,0.25,0.218,0.0001
0.532,0.251,0.217,0.0001
0.532,0.255,0.213,0.0001
0.532,0.258,0.21,0.0001
0.532,0.261,0.207,0.0001
0.532,0.262,0.206,0.0001
0.532,0.274,0.194,0.0001
0.532,0.281,0.187,0.0001
0.532,0.284,0.184,0.0001
0.532,0.288,0.18,0.0001
0.532,0.309,0.159,0.0001
0.533,0.178,0.289,0.0002
0.533,0.187,0.28,0.0001
0.533,0.189,0.278,0.0001
0.533,0.195,0.272,0.0001
0.533,0.201,0.266,0.0001
0.533,0.205,0.262,0.0001
0.533,0.21,0.257,0.0001
0.533,0.211,0.256,0.0001
0.533,0.212,0.255,0.0002
0.533,0.214,0.253,0.0001
0.533,0.222,0.245,0.0001
0.533,0.225,0.242,0.0001
0.533,0.23,0.237,0.0001
0.533,0.234,0.233,0.0001
0.533,0.237,0.23,0.0002
0.533,0.239,0.228,0.0001
0.533,0.24,0.227,0.0002
0.533,0.246,0.221,0.0001
0.533,0.252,0.215,0.0001
0.533,0.253,0.214,0.0002
0.533,0.258,0.209,0.0001
0.533,0.259,0.208,0.0001
0.533,0.262,0.205,0.0001
0.533,0.266,0.201,0.0002
0.533,0.271,0.196,0.0001
0.533,0.273,0.194,0.0001
0.533,0.274,0.193,0.0001
0.533,0.276,0.191,0.0001
0.533,0.279,0.188,0.0001
0.533,0.28,0.187,0.0001
0.533,0.298,0.169,0.0001
0.533,0.323,0.144,0.0001
0.534,0.177,0.289,0.0001
0.534,0.185,0.281,0.0001
0.534,0.188,0.278,0.0001
0.534,0.19,0.276,0.0001
0.534,0.192,0.274,0.0001
0.534,0.2,0.266,0.0002
0.534,0.201,0.265,0.0001
0.534,0.202,0.264,0.0001
0.534,0.204,0.262,0.0001
0.534,0.205,0.261,0.0001
0.534,0.209,0.257,0.0001
0.534,0.211,0.255,0.0002
0.534,0.214,0.252,0.0001
0.534,0.215,0.251,0.0002
0.534,0.216,0.25,0.0001
0.534,0.222,0.244,0.0001
0.534,0.225,0.241,0.0001
0.534,0.23,0.236,0.0002
0.534,0.231,0.235,0.0001
0.534,0.232,0.234,0.0003
0.534,0.233,0.233,0.0001
0.534,0.234,0.232,0.0001
0.534,0.237,0.229,0.0001
0.534,0.241,0.225,0.0001
0.534,0.253,0.213,0.0001
0.534,0.264,0.202,0.0001
0.534,0.272,0.194,0.0001
0.534,0.273,0.193,0.0001
0.534,0.279,0.187,0.0001
0.534,0.284,0.182,0.0001
0.534,0.29,0.176,0.0001
0.534,0.305,0.161,0.0001
0.535,0.183,0.282,0.0001
0.535,0.185,0.28,0.0001
0.535,0.191,0.274,0.0001
0.535,0.196,0.269,0.0001
0.535,0.199,0.266,0.0001
0.535,0.201,0.264,0.0001
0.535,0.209,0.256,0.0003
0.535,0.21,0.255,0.0001
0.535,0.213,0.252,0.0001
0.535,0.215,0.25,0.0001
0.535,0.216,0.249,0.0001
0.535,0.217,0.248,0.0001
0.535,0.222,0.243,0.0001
0.535,0.225,0.24,0.0002
0.535,0.227,0.238,0.0001
0.535,0.23,0.235,0.0002
0.535,0.231,0.234,0.0001
0.535,0.234,0.231,0.0001
0.535,0.241,0.224,0.0001
0.535,0.242,0.223,0.0001
0.535,0.243,0.222,0.0002
0.535,0.244,0.221,0.0001
0.535,0.251,0.214,0.0001
0.535,0.252,0.213,0.0001
0.535,0.255,0.21,0.0001
0.535,0.258,0.207,0.0002
0.535,0.26,0.205,0.0001
0.535,0.263,0.202,0.0001
0.535,0.264,0.201,0.0001
0.535,0.272,0.193,0.0002
0.535,0.282,0.183,0.0001
0.535,0.284,0.181,0.0001
0.535,0.294,0.171,0.0001
0.535,0.303,0.162,0.0001
0.536,0.177,0.287,0.0002
0.536,0.181,0.283,0.0001
0.536,0.185,0.279,0.0002
0.536,0.186,0.278,0.0001
0.536,0.19,0.274,0.0001
0.536,0.191,0.273,0.0001
0.536,0.195,0.269,0.0001
0.536,0.198,0.266,0.0002
0.536,0.199,0.265,0.0001
0.536,0.202,0.262,0.0001
0.536,0.203,0.261,0.0001
0.536,0.204,0.26,0.0001
0.536,0.207,0.257,0.0003
0.536,0.208,0.256,0.0001
0.536,0.211,0.253,0.0002
0.536,0.212,0.252,0.0001
0.536,0.213,0.251,0.0001
0.536,0.216,0.248,0.0001
0.536,0.217,0.247,0.0002
0.536,0.219,0.245,0.0001
0.536,0.221,0.243,0.0001
0.536,0.223,0.241,0.0001
0.536,0.224,0.24,0.0001
0.536,0.225,0.239,0.0001
0.536,0.228,0.236,0.0001
0.536,0.23,0.234,0.0002
0.536,0.234,0.23,0.0002
0.536,0.239,0.225,0.0001
0.536,0.244,0.22,0.0001
0.536,0.245,0.219,0.0001
0.536,0.246,0.218,0.0001
0.536,0.248,0.216,0.0003
0.536,0.249,0.215,0.0002
0.536,0.25,0.214,0.0001
0.536,0.251,0.213,0.0001
0.536,0.254,0.21,0.0002
0.536,0.257,0.207,0.0001
0.536,0.26,0.204,0.0001
0.536,0.262,0.202,0.0001
0.536,0.263,0.201,0.0001
0.536,0.264,0.2,0.0001
0.536,0.275,0.189,0.0001
0.536,0.277,0.187,0.0001
0.536,0.28,0.184,0.0001
0.536,0.293,0.171,0.0001
0.536,0.3,0.164,0.0001
0.537,0.156,0.307,0.0001
0.537,0.168,0.295,0.0001
0.537,0.171,0.292,0.0001
0.537,0.174,0.289,0.0001
0.537,0.177,0.286,0.0001
0.537,0.184,0.279,0.0001
0.537,0.185,0.278,0.0001
0.537,0.186,0.277,0.0001
0.537,0.189,0.274,0.0002
0.537,0.19,0.273,0.0003
0.537,0.191,0.272,0.0002
0.537,0.193,0.27,0.0001
0.537,0.195,0.268,0.0001
0.537,0.196,0.267,0.0001
0.537,0.198,0.265,0.0003
0.537,0.199,0.264,0.0001
0.537,0.2,0.263,0.0001
0.537,0.201,0.262,0.0002
0.537,0.203,0.26,0.0001
0.537,0.206,0.257,0.0001
0.537,0.207,0.256,0.0001
0.537,0.209,0.254,0.0001
0.537,0.21,0.253,0.0001
0.537,0.211,0.252,0.0001
0.537,0.213,0.25,0.0002
0.537,0.214,0.249,0.0001
0.537,0.215,0.248,0.0002
0.537,0.218,0.245,0.0002
0.537,0.219,0.244,0.0002
0.537,0.22,0.243,0.0002
0.537,0.222,0.241,0.0001
0.537,0.225,0.238,0.0003
0.537,0.226,0.237,0.0001
0.537,0.227,0.236,0.0001
0.537,0.228,0.235,0.0001
0.537,0.229,0.234,0.0001
0.537,0.231,0.232,0.0001
0.537,0.234,0.229,0.0002
0.537,0.235,0.228,0.0001
0.537,0.236,0.227,0.0004
0.537,0.237,0.226,0.0001
0.537,0.238,0.225,0.0001
0.537,0.239,0.224,0.0001
0.537,0.243,0.22,0.0001
0.537,0.244,0.219,0.0001
0.537,0.246,0.217,0.0001
0.537,0.247,0.216,0.0001
0.537,0.248,0.215,0.0001
0.537,0.249,0.214,0.0002
0.537,0.25,0.213,0.0001
0.537,0.252,0.211,0.0002
0.537,0.255,0.208,0.0001
0.537,0.256,0.207,0.0001
0.537,0.259,0.204,0.0001
0.537,0.26,0.203,0.0001
0.537,0.261,0.202,0.0001
0.537,0.262,0.201,0.0001
0.537,0.265,0.198,0.0001
0.537,0.266,0.197,0.0001
0.537,0.268,0.195,0.0001
0.537,0.269,0.194,0.0001
0.537,0.27,0.193,0.0001
0.537,0.273,0.19,0.0001
0.537,0.274,0.189,0.0001
0.537,0.276,0.187,0.0001
0.537,0.279,0.184,0.0001
0.537,0.281,0.182,0.0001
0.538,0.146,0.316,0.0001
0.538,0.164,0.298,0.0001
0.538,0.166,0.296,0.0001
0.538,0.167,0.295,0.0001
0.538,0.172,0.29,0.0002
0.538,0.174,0.288,0.0001
0.538,0.177,0.285,0.0001
0.538,0.181,0.281,0.0001
0.538,0.182,0.28,0.0001
0.538,0.187,0.275,0.0001
0.538,0.188,0.274,0.0001
0.538,0.192,0.27,0.0001
0.538,0.193,0.269,0.0001
0.538,0.195,0.267,0.0003
0.538,0.198,0.264,0.0001
0.538,0.199,0.263,0.0001
0.538,0.2,0.262,0.0002
0.538,0.201,0.261,0.0002
0.538,0.202,0.26,0.0001
0.538,0.203,0.259,0.0001
0.538,0.204,0.258,0.0002
0.538,0.207,0.255,0.0001
0.538,0.208,0.254,0.0001
0.538,0.21,0.252,0.0001
0.538,0.211,0.251,0.0002
0.538,0.212,0.25,0.0001
0.538,0.216,0.246,0.0002
0.538,0.217,0.245,0.0002
0.538,0.218,0.244,0.0001
0.538,0.219,0.243,0.0002
0.538,0.221,0.241,0.0003
0.538,0.222,0.24,0.0002
0.538,0.223,0.239,0.0001
0.538,0.224,0.238,0.0001
0.538,0.225,0.237,0.0001
0.538,0.226,0.236,0.0002
0.538,0.227,0.235,0.0001
0.538,0.228,0.234,0.0001
0.538,0.229,0.233,0.0002
0.538,0.231,0.231,0.0003
0.538,0.232,0.23,0.0003
0.538,0.233,0.229,0.0001
0.538,0.234,0.228,0.0001
0.538,0.235,0.227,0.0002
0.538,0.236,0.226,0.0001
0.538,0.239,0.223,0.0003
0.538,0.24,0.222,0.0002
0.538,0.241,0.221,0.0001
0.538,0.243,0.219,0.0001
0.538,0.244,0.218,0.0001
0.538,0.245,0.217,0.0001
0.538,0.246,0.216,0.0001
0.538,0.247,0.215,0.0003
0.538,0.25,0.212,0.0004
0.538,0.251,0.211,0.0001
0.538,0.256,0.206,0.0002
0.538,0.262,0.2,0.0001
0.538,0.263,0.199,0.0002
0.538,0.264,0.198,0.0001
0.538,0.272,0.19,0.0001
0.538,0.273,0.189,0.0001
0.538,0.275,0.187,0.0001
0.538,0.285,0.177,0.0001
0.538,0.288,0.174,0.0001
0.538,0.29,0.172,0.0001
0.539,0.138,0.323,0.0001
0.539,0.16,0.301,0.0001
0.539,0.169,0.292,0.0001
0.539,0.174,0.287,0.0001
0.539,0.175,0.286,0.0001
0.539,0.177,0.284,0.0004
0.539,0.179,0.282,0.0001
0.539,0.182,0.279,0.0001
0.539,0.183,0.278,0.0001
0.539,0.186,0.275,0.0001
0.539,0.187,0.274,0.0001
0.539,0.188,0.273,0.0001
0.539,0.19,0.271,0.0001
0.539,0.191,0.27,0.0002
0.539,0.192,0.269,0.0001
0.539,0.193,0.268,0.0001
0.539,0.194,0.267,0.0003
0.539,0.195,0.266,0.0001
0.539,0.196,0.265,0.0002
0.539,0.198,0.263,0.0001
0.539,0.201,0.26,0.0003
0.539,0.202,0.259,0.0001
0.539,0.203,0.258,0.0001
0.539,0.206,0.255,0.0001
0.539,0.208,0.253,0.0002
0.539,0.21,0.251,0.0002
0.539,0.211,0.25,0.0001
0.539,0.212,0.249,0.0001
0.539,0.213,0.248,0.0001
0.539,0.215,0.246,0.0002
0.539,0.217,0.244,0.0003
0.539,0.218,0.243,0.0001
0.539,0.219,0.242,0.0001
0.539,0.22,0.241,0.0002
0.539,0.221,0.24,0.0002
0.539,0.223,0.238,0.0001
0.539,0.224,0.237,0.0002
0.539,0.226,0.235,0.0002
0.539,0.227,0.234,0.0002
0.539,0.228,0.233,0.0001
0.539,0.229,0.232,0.0002
0.539,0.23,0.231,0.0004
0.539,0.231,0.23,0.0003
0.539,0.232,0.229,0.0001
0.539,0.233,0.228,0.0001
0.539,0.235,0.226,0.0001
0.539,0.236,0.225,0.0002
0.539,0.238,0.223,0.0001
0.539,0.239,0.222,0.0003
0.539,0.24,0.221,0.0003
0.539,0.241,0.22,0.0004
0.539,0.242,0.219,0.0002
0.539,0.243,0.218,0.0001
0.539,0.245,0.216,0.0001
0.539,0.246,0.215,0.0002
0.539,0.247,0.214,0.0003
0.539,0.248,0.213,0.0001
0.539,0.249,0.212,0.0001
0.539,0.25,0.211,0.0002
0.539,0.251,0.21,0.0001
0.539,0.252,0.209,0.0002
0.539,0.253,0.208,0.0001
0.539,0.259,0.202,0.0001
0.539,0.264,0.197,0.0003
0.539,0.266,0.195,0.0001
0.539,0.267,0.194,0.0002
0.539,0.272,0.189,0.0001
0.539,0.273,0.188,0.0001
0.539,0.275,0.186,0.0001
0.539,0.276,0.185,0.0001
0.539,0.285,0.176,0.0001
0.539,0.29,0.171,0.0001
0.539,0.294,0.167,0.0001
0.539,0.301,0.16,0.0001
0.54,0.144,0.316,0.0001
0.54,0.157,0.303,0.0001
0.54,0.158,0.302,0.0001
0.54,0.171,0.289,0.0001
0.54,0.178,0.282,0.0001
0.54,0.179,0.281,0.0002
0.54,0.181,0.279,0.0001
0.54,0.184,0.276,0.0001
0.54,0.185,0.275,0.0001
0.54,0.187,0.273,0.0002
0.54,0.188,0.272,0.0002
0.54,0.19,0.27,0.0001
0.54,0.192,0.268,0.0001
0.54,0.193,0.267,0.0003
0.54,0.194,0.266,0.0001
0.54,0.195,0.265,0.0004
0.54,0.196,0.264,0.0001
0.54,0.197,0.263,0.0002
0.54,0.198,0.262,0.0002
0.54,0.199,0.261,0.0003
0.54,0.2,0.26,0.0001
0.54,0.201,0.259,0.0003
0.54,0.203,0.257,0.0003
0.54,0.204,0.256,0.0001
0.54,0.208,0.252,0.0001
0.54,0.209,0.251,0.0001
0.54,0.21,0.25,0.0003
0.54,0.211,0.249,0.0001
0.54,0.213,0.247,0.0001
0.54,0.216,0.244,0.0002
0.54,0.217,0.243,0.0001
0.54,0.219,0.241,0.0002
0.54,0.22,0.24,0.0003
0.54,0.221,0.239,0.0003
0.54,0.222,0.238,0.0001
0.54,0.223,0.237,0.0002
0.54,0.224,0.236,0.0003
0.54,0.225,0.235,0.0002
0.54,0.226,0.234,0.0003
0.54,0.227,0.233,0.0002
0.54,0.228,0.232,0.0002
0.54,0.229,0.231,0.0001
0.54,0.23,0.23,0.0002
0.54,0.232,0.228,0.0003
0.54,0.233,0.227,0.0002
0.54,0.234,0.226,0.0002
0.54,0.235,0.225,0.0002
0.54,0.236,0.224,0.0001
0.54,0.237,0.223,0.0003
0.54,0.238,0.222,0.0002
0.54,0.24,0.22,0.0002
0.54,0.242,0.218,0.0002
0.54,0.243,0.217,0.0002
0.54,0.244,0.216,0.0002
0.54,0.245,0.215,0.0001
0.54,0.247,0.213,0.0001
0.54,0.248,0.212,0.0003
0.54,0.249,0.211,0.0002
0.54,0.25,0.21,0.0004
0.54,0.251,0.209,0.0002
0.54,0.252,0.208,0.0001
0.54,0.254,0.206,0.0002
0.54,0.255,0.205,0.0001
0.54,0.259,0.201,0.0001
0.54,0.26,0.2,0.0001
0.54,0.262,0.198,0.0001
0.54,0.267,0.193,0.0002
0.54,0.27,0.19,0.0001
0.54,0.275,0.185,0.0001
0.54,0.294,0.166,0.0001
0.541,0.123,0.336,0.0001
0.541,0.159,0.3,0.0001
0.541,0.166,0.293,0.0001
0.541,0.169,0.29,0.0001
0.541,0.17,0.289,0.0002
0.541,0.171,0.288,0.0001
0.541,0.173,0.286,0.0001
0.541,0.174,0.285,0.0001
0.541,0.176,0.283,0.0002
0.541,0.177,0.282,0.0001
0.541,0.178,0.281,0.0001
0.541,0.18,0.279,0.0001
0.541,0.181,0.278,0.0002
0.541,0.183,0.276,0.0001
0.541,0.185,0.274,0.0001
0.541,0.186,0.273,0.0001
0.541,0.187,0.272,0.0001
0.541,0.19,0.269,0.0001
0.541,0.191,0.268,0.0002
0.541,0.192,0.267,0.0001
0.541,0.193,0.266,0.0002
0.541,0.195,0.264,0.0002
0.541,0.196,0.263,0.0002
0.541,0.197,0.262,0.0004
0.541,0.198,0.261,0.0002
0.541,0.199,0.26,0.0001
0.541,0.2,0.259,0.0003
0.541,0.203,0.256,0.0002
0.541,0.204,0.255,0.0006
0.541,0.205,0.254,0.0001
0.541,0.207,0.252,0.0004
0.541,0.208,0.251,0.0003
0.541,0.209,0.25,0.0004
0.541,0.21,0.249,0.0001
0.541,0.211,0.248,0.0003
0.541,0.213,0.246,0.0002
0.541,0.214,0.245,0.0003
0.541,0.215,0.244,0.0002
0.541,0.216,0.243,0.0003
0.541,0.218,0.241,0.0001
0.541,0.219,0.24,0.0003
0.541,0.221,0.238,0.0002
0.541,0.222,0.237,0.0002
0.541,0.223,0.236,0.0006
0.541,0.224,0.235,0.0001
0.541,0.225,0.234,0.0001
0.541,0.226,0.233,0.0003
0.541,0.228,0.231,0.0005
0.541,0.229,0.23,0.0003
0.541,0.23,0.229,0.0002
0.541,0.231,0.228,0.0001
0.541,0.232,0.227,0.0002
0.541,0.233,0.226,0.0003
0.541,0.234,0.225,0.0002
0.541,0.235,0.224,0.0001
0.541,0.236,0.223,0.0001
0.541,0.237,0.222,0.0002
0.541,0.239,0.22,0.0002
0.541,0.24,0.219,0.0002
0.541,0.241,0.218,0.0001
0.541,0.242,0.217,0.0002
0.541,0.243,0.216,0.0002
0.541,0.244,0.215,0.0001
0.541,0.245,0.214,0.0001
0.541,0.246,0.213,0.0001
0.541,0.247,0.212,0.0001
0.541,0.248,0.211,0.0001
0.541,0.251,0.208,0.0002
0.541,0.252,0.207,0.0001
0.541,0.253,0.206,0.0001
0.541,0.254,0.205,0.0001
0.541,0.255,0.204,0.0001
0.541,0.256,0.203,0.0003
0.541,0.257,0.202,0.0001
0.541,0.258,0.201,0.0001
0.541,0.263,0.196,0.0001
0.541,0.264,0.195,0.0001
0.541,0.267,0.192,0.0002
0.541,0.268,0.191,0.0001
0.541,0.271,0.188,0.0001
0.541,0.274,0.185,0.0001
0.541,0.277,0.182,0.0001
0.541,0.282,0.177,0.0001
0.541,0.293,0.166,0.0001
0.541,0.301,0.158,0.0001
0.542,0.158,0.3,0.0001
0.542,0.161,0.297,0.0001
0.542,0.167,0.291,0.0002
0.542,0.168,0.29,0.0001
0.542,0.172,0.286,0.0001
0.542,0.173,0.285,0.0001
0.542,0.175,0.283,0.0001
0.542,0.176,0.282,0.0002
0.542,0.178,0.28,0.0001
0.542,0.179,0.279,0.0001
0.542,0.181,0.277,0.0001
0.542,0.182,0.276,0.0002
0.542,0.183,0.275,0.0003
0.542,0.184,0.274,0.0001
0.542,0.185,0.273,0.0002
0.542,0.186,0.272,0.0001
0.542,0.188,0.27,0.0002
0.542,0.189,0.269,0.0001
0.542,0.19,0.268,0.0001
0.542,0.191,0.267,0.0003
0.542,0.192,0.266,0.0002
0.542,0.193,0.265,0.0003
0.542,0.194,0.264,0.0002
0.542,0.195,0.263,0.0003
0.542,0.196,0.262,0.0004
0.542,0.197,0.261,0.0001
0.542,0.198,0.26,0.0003
0.542,0.201,0.257,0.0004
0.542,0.202,0.256,0.0002
0.542,0.203,0.255,0.0002
0.542,0.204,0.254,0.0004
0.542,0.205,0.253,0.0002
0.542,0.206,0.252,0.0004
0.542,0.207,0.251,0.0003
0.542,0.208,0.25,0.0003
0.542,0.209,0.249,0.0003
0.542,0.21,0.248,0.0003
0.542,0.211,0.247,0.0003
0.542,0.212,0.246,0.0002
0.542,0.214,0.244,0.0001
0.542,0.215,0.243,0.0002
0.542,0.216,0.242,0.0002
0.542,0.217,0.241,0.0003
0.542,0.218,0.24,0.0002
0.542,0.219,0.239,0.0003
0.542,0.22,0.238,0.0001
0.542,0.221,0.237,0.0001
0.542,0.222,0.236,0.0002
0.542,0.223,0.235,0.0005
0.542,0.224,0.234,0.0003
0.542,0.225,0.233,0.0001
0.542,0.226,0.232,0.0001
0.542,0.227,0.231,0.0002
0.542,0.228,0.23,0.0004
0.542,0.229,0.229,0.0003
0.542,0.23,0.228,0.0005
0.542,0.231,0.227,0.0003
0.542,0.232,0.226,0.0004
0.542,0.233,0.225,0.0001
0.542,0.235,0.223,0.0002
0.542,0.236,0.222,0.0003
0.542,0.238,0.22,0.0004
0.542,0.239,0.219,0.0002
0.542,0.24,0.218,0.0003
0.542,0.241,0.217,0.0002
0.542,0.243,0.215,0.0003
0.542,0.244,0.214,0.0002
0.542,0.245,0.213,0.0003
0.542,0.246,0.212,0.0002
0.542,0.247,0.211,0.0002
0.542,0.248,0.21,0.0002
0.542,0.249,0.209,0.0001
0.542,0.25,0.208,0.0002
0.542,0.251,0.207,0.0002
0.542,0.252,0.206,0.0003
0.542,0.253,0.205,0.0001
0.542,0.254,0.204,0.0002
0.542,0.255,0.203,0.0002
0.542,0.256,0.202,0.0002
0.542,0.257,0.201,0.0001
0.542,0.258,0.2,0.0001
0.542,0.26,0.198,0.0001
0.542,0.261,0.197,0.0002
0.542,0.262,0.196,0.0002
0.542,0.263,0.195,0.0001
0.542,0.264,0.194,0.0002
0.542,0.265,0.193,0.0002
0.542,0.268,0.19,0.0001
0.542,0.272,0.186,0.0002
0.542,0.274,0.184,0.0002
0.542,0.275,0.183,0.0001
0.542,0.276,0.182,0.0001
0.542,0.277,0.181,0.0001
0.542,0.283,0.175,0.0001
0.542,0.284,0.174,0.0002
0.542,0.287,0.171,0.0001
0.542,0.288,0.17,0.0001
0.542,0.294,0.164,0.0001
0.543,0.152,0.305,0.0001
0.543,0.153,0.304,0.0001
0.543,0.157,0.3,0.0001
0.543,0.162,0.295,0.0001
0.543,0.163,0.294,0.0001
0.543,0.166,0.291,0.0002
0.543,0.17,0.287,0.0001
0.543,0.173,0.284,0.0001
0.543,0.174,0.283,0.0001
0.543,0.178,0.279,0.0002
0.543,0.181,0.276,0.0001
0.543,0.182,0.275,0.0001
0.543,0.183,0.274,0.0005
0.543,0.184,0.273,0.0002
0.543,0.188,0.269,0.0001
0.543,0.19,0.267,0.0004
0.543,0.192,0.265,0.0001
0.543,0.193,0.264,0.0003
0.543,0.194,0.263,0.0004
0.543,0.196,0.261,0.0002
0.543,0.197,0.26,0.0003
0.543,0.198,0.259,0.0003
0.543,0.199,0.258,0.0003
0.543,0.2,0.257,0.0002
0.543,0.202,0.255,0.0004
0.543,0.203,0.254,0.0004
0.543,0.205,0.252,0.0002
0.543,0.206,0.251,0.0002
0.543,0.207,0.25,0.0003
0.543,0.208,0.249,0.0004
0.543,0.209,0.248,0.0004
0.543,0.21,0.247,0.0002
0.543,0.211,0.246,0.0003
0.543,0.212,0.245,0.0002
0.543,0.213,0.244,0.0002
0.543,0.214,0.243,0.0003
0.543,0.215,0.242,0.0002
0.543,0.216,0.241,0.0002
0.543,0.217,0.24,0.0005
0.543,0.218,0.239,0.0003
0.543,0.219,0.238,0.0002
0.543,0.22,0.237,0.0003
0.543,0.221,0.236,0.0003
0.543,0.222,0.235,0.0002
0.543,0.223,0.234,0.0003
0.543,0.224,0.233,0.0001
0.543,0.226,0.231,0.0004
0.543,0.227,0.23,0.0001
0.543,0.228,0.229,0.0002
0.543,0.229,0.228,0.0001
0.543,0.23,0.227,0.0003
0.543,0.231,0.226,0.0001
0.543,0.232,0.225,0.0002
0.543,0.234,0.223,0.0001
0.543,0.235,0.222,0.0001
0.543,0.236,0.221,0.0001
0.543,0.237,0.22,0.0004
0.543,0.238,0.219,0.0001
0.543,0.239,0.218,0.0002
0.543,0.24,0.217,0.0002
0.543,0.241,0.216,0.0002
0.543,0.242,0.215,0.0002
0.543,0.243,0.214,0.0001
0.543,0.244,0.213,0.0003
0.543,0.245,0.212,0.0004
0.543,0.246,0.211,0.0001
0.543,0.247,0.21,0.0002
0.543,0.248,0.209,0.0002
0.543,0.25,0.207,0.0003
0.543,0.252,0.205,0.0002
0.543,0.254,0.203,0.0003
0.543,0.255,0.202,0.0001
0.543,0.257,0.2,0.0001
0.543,0.258,0.199,0.0001
0.543,0.259,0.198,0.0001
0.543,0.26,0.197,0.0002
0.543,0.261,0.196,0.0003
0.543,0.263,0.194,0.0001
0.543,0.265,0.192,0.0002
0.543,0.266,0.191,0.0002
0.543,0.267,0.19,0.0001
0.543,0.269,0.188,0.0001
0.543,0.27,0.187,0.0002
0.543,0.272,0.185,0.0001
0.543,0.273,0.184,0.0001
0.543,0.274,0.183,0.0001
0.543,0.279,0.178,0.0001
0.543,0.283,0.174,0.0001
0.543,0.284,0.173,0.0001
0.543,0.285,0.172,0.0001
0.543,0.295,0.162,0.0001
0.543,0.298,0.159,0.0001
0.544,0.147,0.309,0.0001
0.544,0.155,0.301,0.0001
0.544,0.157,0.299,0.0002
0.544,0.159,0.297,0.0001
0.544,0.165,0.291,0.0001
0.544,0.167,0.289,0.0001
0.544,0.168,0.288,0.0001
0.544,0.169,0.287,0.0001
0.544,0.171,0.285,0.0001
0.544,0.174,0.282,0.0001
0.544,0.177,0.279,0.0001
0.544,0.179,0.277,0.0002
0.544,0.18,0.276,0.0001
0.544,0.181,0.275,0.0003
0.544,0.182,0.274,0.0001
0.544,0.184,0.272,0.0001
0.544,0.185,0.271,0.0002
0.544,0.186,0.27,0.0001
0.544,0.188,0.268,0.0004
0.544,0.19,0.266,0.0004
0.544,0.192,0.264,0.0006
0.544,0.193,0.263,0.0001
0.544,0.194,0.262,0.0002
0.544,0.195,0.261,0.0004
0.544,0.196,0.26,0.0003
0.544,0.197,0.259,0.0003
0.544,0.198,0.258,0.0002
0.544,0.199,0.257,0.0003
0.544,0.2,0.256,0.0001
0.544,0.201,0.255,0.0002
0.544,0.203,0.253,0.0003
0.544,0.204,0.252,0.0003
0.544,0.205,0.251,0.0003
0.544,0.206,0.25,0.0002
0.544,0.207,0.249,0.0001
0.544,0.208,0.248,0.0005
0.544,0.209,0.247,0.0003
0.544,0.21,0.246,0.0002
0.544,0.211,0.245,0.0002
0.544,0.212,0.244,0.0002
0.544,0.213,0.243,0.0002
0.544,0.214,0.242,0.0003
0.544,0.215,0.241,0.0001
0.544,0.216,0.24,0.0003
0.544,0.217,0.239,0.0003
0.544,0.218,0.238,0.0002
0.544,0.219,0.237,0.0003
0.544,0.22,0.236,0.0004
0.544,0.221,0.235,0.0002
0.544,0.222,0.234,0.0001
0.544,0.223,0.233,0.0004
0.544,0.224,0.232,0.0003
0.544,0.225,0.231,0.0003
0.544,0.226,0.23,0.0002
0.544,0.227,0.229,0.0002
0.544,0.228,0.228,0.0006
0.544,0.229,0.227,0.0003
0.544,0.23,0.226,0.0006
0.544,0.231,0.225,0.0002
0.544,0.232,0.224,0.0001
0.544,0.233,0.223,0.0003
0.544,0.234,0.222,0.0005
0.544,0.235,0.221,0.0001
0.544,0.236,0.22,0.0002
0.544,0.237,0.219,0.0001
0.544,0.238,0.218,0.0004
0.544,0.239,0.217,0.0003
0.544,0.24,0.216,0.0004
0.544,0.241,0.215,0.0002
0.544,0.242,0.214,0.0004
0.544,0.243,0.213,0.0002
0.544,0.244,0.212,0.0003
0.544,0.245,0.211,0.0002
0.544,0.246,0.21,0.0001
0.544,0.247,0.209,0.0005
0.544,0.248,0.208,0.0004
0.544,0.249,0.207,0.0001
0.544,0.25,0.206,0.0001
0.544,0.251,0.205,0.0001
0.544,0.252,0.204,0.0003
0.544,0.253,0.203,0.0003
0.544,0.254,0.202,0.0004
0.544,0.255,0.201,0.0001
0.544,0.256,0.2,0.0003
0.544,0.258,0.198,0.0002
0.544,0.259,0.197,0.0002
0.544,0.26,0.196,0.0002
0.544,0.261,0.195,0.0001
0.544,0.262,0.194,0.0001
0.544,0.265,0.191,0.0001
0.544,0.268,0.188,0.0003
0.544,0.269,0.187,0.0002
0.544,0.271,0.185,0.0001
0.544,0.274,0.182,0.0001
0.544,0.275,0.181,0.0001
0.544,0.279,0.177,0.0001
0.544,0.281,0.175,0.0001
0.544,0.282,0.174,0.0002
0.544,0.295,0.161,0.0001
0.544,0.299,0.157,0.0002
0.545,0.137,0.318,0.0001
0.545,0.142,0.313,0.0001
0.545,0.145,0.31,0.0001
0.545,0.147,0.308,0.0001
0.545,0.151,0.304,0.0001
0.545,0.153,0.302,0.0001
0.545,0.163,0.292,0.0001
0.545,0.164,0.291,0.0001
0.545,0.165,0.29,0.0001
0.545,0.166,0.289,0.0001
0.545,0.168,0.287,0.0001
0.545,0.169,0.286,0.0002
0.545,0.17,0.285,0.0001
0.545,0.173,0.282,0.0001
0.545,0.175,0.28,0.0001
0.545,0.176,0.279,0.0004
0.545,0.177,0.278,0.0001
0.545,0.178,0.277,0.0002
0.545,0.179,0.276,0.0003
0.545,0.181,0.274,0.0002
0.545,0.182,0.273,0.0001
0.545,0.183,0.272,0.0002
0.545,0.184,0.271,0.0002
0.545,0.185,0.27,0.0001
0.545,0.186,0.269,0.0001
0.545,0.187,0.268,0.0001
0.545,0.189,0.266,0.0002
0.545,0.19,0.265,0.0002
0.545,0.191,0.264,0.0003
0.545,0.193,0.262,0.0003
0.545,0.194,0.261,0.0003
0.545,0.195,0.26,0.0002
0.545,0.196,0.259,0.0003
0.545,0.197,0.258,0.0004
0.545,0.199,0.256,0.0004
0.545,0.2,0.255,0.0003
0.545,0.201,0.254,0.0004
0.545,0.202,0.253,0.0003
0.545,0.203,0.252,0.0002
0.545,0.206,0.249,0.0006
0.545,0.207,0.248,0.0002
0.545,0.208,0.247,0.0003
0.545,0.209,0.246,0.0003
0.545,0.21,0.245,0.0001
0.545,0.211,0.244,0.0003
0.545,0.212,0.243,0.0003
0.545,0.213,0.242,0.0003
0.545,0.214,0.241,0.0001
0.545,0.215,0.24,0.0002
0.545,0.216,0.239,0.0003
0.545,0.217,0.238,0.0005
0.545,0.218,0.237,0.0006
0.545,0.219,0.236,0.0006
0.545,0.22,0.235,0.0002
0.545,0.221,0.234,0.0004
0.545,0.222,0.233,0.0002
0.545,0.223,0.232,0.0007
0.545,0.225,0.23,0.0004
0.545,0.226,0.229,0.0005
0.545,0.227,0.228,0.0002
0.545,0.228,0.227,0.0004
0.545,0.229,0.226,0.0002
0.545,0.23,0.225,0.0002
0.545,0.232,0.223,0.0001
0.545,0.234,0.221,0.0004
0.545,0.235,0.22,0.0001
0.545,0.236,0.219,0.0004
0.545,0.237,0.218,0.0003
0.545,0.238,0.217,0.0001
0.545,0.239,0.216,0.0006
0.545,0.24,0.215,0.0003
0.545,0.241,0.214,0.0004
0.545,0.242,0.213,0.0002
0.545,0.244,0.211,0.0003
0.545,0.245,0.21,0.0003
0.545,0.246,0.209,0.0001
0.545,0.247,0.208,0.0002
0.545,0.248,0.207,0.0001
0.545,0.249,0.206,0.0001
0.545,0.25,0.205,0.0001
0.545,0.251,0.204,0.0004
0.545,0.252,0.203,0.0003
0.545,0.253,0.202,0.0001
0.545,0.254,0.201,0.0002
0.545,0.255,0.2,0.0001
0.545,0.256,0.199,0.0001
0.545,0.257,0.198,0.0002
0.545,0.258,0.197,0.0001
0.545,0.259,0.196,0.0003
0.545,0.26,0.195,0.0003
0.545,0.261,0.194,0.0001
0.545,0.262,0.193,0.0002
0.545,0.263,0.192,0.0001
0.545,0.265,0.19,0.0001
0.545,0.268,0.187,0.0001
0.545,0.271,0.184,0.0001
0.545,0.273,0.182,0.0001
0.545,0.274,0.181,0.0001
0.545,0.275,0.18,0.0001
0.545,0.283,0.172,0.0001
0.545,0.285,0.17,0.0001
0.545,0.287,0.168,0.0001
0.545,0.298,0.157,0.0001
0.545,0.301,0.154,0.0001
0.546,0.138,0.316,0.0001
0.546,0.145,0.309,0.0001
0.546,0.15,0.304,0.0001
0.546,0.155,0.299,0.0001
0.546,0.162,0.292,0.0001
0.546,0.164,0.29,0.0001
0.546,0.168,0.286,0.0001
0.546,0.169,0.285,0.0001
0.546,0.17,0.284,0.0002
0.546,0.172,0.282,0.0001
0.546,0.174,0.28,0.0005
0.546,0.175,0.279,0.0001
0.546,0.177,0.277,0.0003
0.546,0.18,0.274,0.0002
0.546,0.181,0.273,0.0004
0.546,0.182,0.272,0.0001
0.546,0.184,0.27,0.0002
0.546,0.187,0.267,0.0001
0.546,0.188,0.266,0.0003
0.546,0.189,0.265,0.0002
0.546,0.19,0.264,0.0003
0.546,0.191,0.263,0.0003
0.546,0.192,0.262,0.0003
0.546,0.193,0.261,0.0001
0.546,0.194,0.26,0.0001
0.546,0.195,0.259,0.0003
0.546,0.197,0.257,0.0004
0.546,0.198,0.256,0.0002
0.546,0.199,0.255,0.0002
0.546,0.2,0.254,0.0001
0.546,0.201,0.253,0.0003
0.546,0.202,0.252,0.0002
0.546,0.203,0.251,0.0005
0.546,0.204,0.25,0.0002
0.546,0.205,0.249,0.0003
0.546,0.206,0.248,0.0001
0.546,0.207,0.247,0.0002
0.546,0.208,0.246,0.0001
0.546,0.209,0.245,0.0004
0.546,0.21,0.244,0.0005
0.546,0.211,0.243,0.0005
0.546,0.213,0.241,0.0002
0.546,0.214,0.24,0.0002
0.546,0.215,0.239,0.0004
0.546,0.216,0.238,0.0005
0.546,0.217,0.237,0.0002
0.546,0.218,0.236,0.0008
0.546,0.219,0.235,0.0001
0.546,0.22,0.234,0.0004
0.546,0.221,0.233,0.0004
0.546,0.222,0.232,0.0006
0.546,0.223,0.231,0.0006
0.546,0.224,0.23,0.0004
0.546,0.225,0.229,0.0003
0.546,0.226,0.228,0.0004
0.546,0.227,0.227,0.0006
0.546,0.228,0.226,0.0003
0.546,0.229,0.225,0.0003
0.546,0.23,0.224,0.0001
0.546,0.231,0.223,0.0003
0.546,0.232,0.222,0.0003
0.546,0.233,0.221,0.0002
0.546,0.234,0.22,0.0003
0.546,0.235,0.219,0.0003
0.546,0.236,0.218,0.0002
0.546,0.238,0.216,0.0004
0.546,0.239,0.215,0.0002
0.546,0.24,0.214,0.0006
0.546,0.241,0.213,0.0002
0.546,0.242,0.212,0.0002
0.546,0.243,0.211,0.0004
0.546,0.244,0.21,0.0004
0.546,0.245,0.209,0.0002
0.546,0.246,0.208,0.0003
0.546,0.247,0.207,0.0004
0.546,0.248,0.206,0.0003
0.546,0.249,0.205,0.0001
0.546,0.25,0.204,0.0003
0.546,0.251,0.203,0.0003
0.546,0.252,0.202,0.0004
0.546,0.253,0.201,0.0002
0.546,0.254,0.2,0.0003
0.546,0.255,0.199,0.0004
0.546,0.256,0.198,0.0001
0.546,0.257,0.197,0.0002
0.546,0.259,0.195,0.0001
0.546,0.26,0.194,0.0003
0.546,0.261,0.193,0.0003
0.546,0.262,0.192,0.0001
0.546,0.263,0.191,0.0002
0.546,0.264,0.19,0.0001
0.546,0.265,0.189,0.0003
0.546,0.266,0.188,0.0003
0.546,0.267,0.187,0.0001
0.546,0.268,0.186,0.0001
0.546,0.269,0.185,0.0001
0.546,0.27,0.184,0.0003
0.546,0.271,0.183,0.0001
0.546,0.272,0.182,0.0002
0.546,0.273,0.181,0.0002
0.546,0.274,0.18,0.0001
0.546,0.276,0.178,0.0001
0.546,0.277,0.177,0.0002
0.546,0.281,0.173,0.0002
0.546,0.288,0.166,0.0001
0.546,0.292,0.162,0.0001
0.546,0.294,0.16,0.0003
0.546,0.296,0.158,0.0001
0.546,0.304,0.15,0.0001
0.546,0.307,0.147,0.0002
0.547,0.156,0.297,0.0001
0.547,0.158,0.295,0.0002
0.547,0.16,0.293,0.0001
0.547,0.162,0.291,0.0001
0.547,0.165,0.288,0.0001
0.547,0.166,0.287,0.0001
0.547,0.167,0.286,0.0001
0.547,0.169,0.284,0.0002
0.547,0.17,0.283,0.0002
0.547,0.171,0.282,0.0001
0.547,0.172,0.281,0.0002
0.547,0.173,0.28,0.0003
0.547,0.174,0.279,0.0001
0.547,0.175,0.278,0.0002
0.547,0.176,0.277,0.0001
0.547,0.177,0.276,0.0002
0.547,0.178,0.275,0.0003
0.547,0.179,0.274,0.0002
0.547,0.18,0.273,0.0001
0.547,0.181,0.272,0.0001
0.547,0.182,0.271,0.0005
0.547,0.183,0.27,0.0003
0.547,0.184,0.269,0.0001
0.547,0.185,0.268,0.0002
0.547,0.186,0.267,0.0001
0.547,0.187,0.266,0.0001
0.547,0.188,0.265,0.0005
0.547,0.189,0.264,0.0001
0.547,0.19,0.263,0.0001
0.547,0.191,0.262,0.0004
0.547,0.192,0.261,0.0002
0.547,0.193,0.26,0.0004
0.547,0.194,0.259,0.0001
0.547,0.195,0.258,0.0005
0.547,0.196,0.257,0.0003
0.547,0.197,0.256,0.0002
0.547,0.198,0.255,0.0006
0.547,0.199,0.254,0.0002
0.547,0.2,0.253,0.0005
0.547,0.201,0.252,0.0004
0.547,0.202,0.251,0.0002
0.547,0.203,0.25,0.0002
0.547,0.204,0.249,0.0003
0.547,0.205,0.248,0.0003
0.547,0.206,0.247,0.0002
0.547,0.207,0.246,0.0005
0.547,0.208,0.245,0.0005
0.547,0.209,0.244,0.0006
0.547,0.21,0.243,0.0006
0.547,0.211,0.242,0.0002
0.547,0.212,0.241,0.0003
0.547,0.213,0.24,0.0007
0.547,0.214,0.239,0.0002
0.547,0.215,0.238,0.0003
0.547,0.216,0.237,0.0004
0.547,0.217,0.236,0.0007
0.547,0.218,0.235,0.0005
0.547,0.219,0.234,0.0003
0.547,0.22,0.233,0.0003
0.547,0.221,0.232,0.0004
0.547,0.222,0.231,0.0004
0.547,0.223,0.23,0.0005
0.547,0.224,0.229,0.0005
0.547,0.225,0.228,0.0004
0.547,0.226,0.227,0.0003
0.547,0.227,0.226,0.0005
0.547,0.228,0.225,0.0003
0.547,0.229,0.224,0.0005
0.547,0.23,0.223,0.0002
0.547,0.231,0.222,0.0006
0.547,0.232,0.221,0.0005
0.547,0.233,0.22,0.0006
0.547,0.234,0.219,0.0002
0.547,0.235,0.218,0.0003
0.547,0.236,0.217,0.0002
0.547,0.238,0.215,0.0004
0.547,0.239,0.214,0.0005
0.547,0.24,0.213,0.0004
0.547,0.241,0.212,0.0003
0.547,0.242,0.211,0.0001
0.547,0.243,0.21,0.0002
0.547,0.244,0.209,0.0002
0.547,0.245,0.208,0.0002
0.547,0.246,0.207,0.0002
0.547,0.247,0.206,0.0003
0.547,0.248,0.205,0.0001
0.547,0.249,0.204,0.0001
0.547,0.25,0.203,0.0003
0.547,0.251,0.202,0.0001
0.547,0.252,0.201,0.0004
0.547,0.253,0.2,0.0004
0.547,0.254,0.199,0.0003
0.547,0.255,0.198,0.0001
0.547,0.257,0.196,0.0003
0.547,0.258,0.195,0.0002
0.547,0.259,0.194,0.0004
0.547,0.26,0.193,0.0003
0.547,0.261,0.192,0.0001
0.547,0.262,0.191,0.0005
0.547,0.263,0.19,0.0001
0.547,0.264,0.189,0.0002
0.547,0.265,0.188,0.0001
0.547,0.267,0.186,0.0001
0.547,0.268,0.185,0.0002
0.547,0.269,0.184,0.0003
0.547,0.27,0.183,0.0002
0.547,0.272,0.181,0.0001
0.547,0.275,0.178,0.0002
0.547,0.279,0.174,0.0001
0.547,0.283,0.17,0.0001
0.547,0.285,0.168,0.0001
0.547,0.29,0.163,0.0001
0.547,0.296,0.157,0.0001
0.548,0.148,0.304,0.0001
0.548,0.149,0.303,0.0002
0.548,0.152,0.3,0.0001
0.548,0.156,0.296,0.0001
0.548,0.158,0.294,0.0001
0.548,0.159,0.293,0.0001
0.548,0.16,0.292,0.0001
0.548,0.161,0.291,0.0001
0.548,0.164,0.288,0.0001
0.548,0.166,0.286,0.0001
0.548,0.169,0.283,0.0001
0.548,0.17,0.282,0.0001
0.548,0.171,0.281,0.0001
0.548,0.172,0.28,0.0001
0.548,0.174,0.278,0.0002
0.548,0.175,0.277,0.0002
0.548,0.176,0.276,0.0002
0.548,0.177,0.275,0.0002
0.548,0.178,0.274,0.0001
0.548,0.179,0.273,0.0004
0.548,0.18,0.272,0.0001
0.548,0.181,0.271,0.0004
0.548,0.182,0.27,0.0001
0.548,0.183,0.269,0.0002
0.548,0.184,0.268,0.0001
0.548,0.185,0.267,0.0004
0.548,0.186,0.266,0.0003
0.548,0.188,0.264,0.0001
0.548,0.189,0.263,0.0005
0.548,0.19,0.262,0.0001
0.548,0.191,0.261,0.0002
0.548,0.192,0.26,0.0006
0.548,0.193,0.259,0.0006
0.548,0.194,0.258,0.0004
0.548,0.195,0.257,0.0002
0.548,0.196,0.256,0.0005
0.548,0.197,0.255,0.0001
0.548,0.198,0.254,0.0001
0.548,0.199,0.253,0.0002
0.548,0.2,0.252,0.0003
0.548,0.201,0.251,0.0004
0.548,0.202,0.25,0.0003
0.548,0.203,0.249,0.0008
0.548,0.204,0.248,0.0006
0.548,0.205,0.247,0.0005
0.548,0.206,0.246,0.0005
0.548,0.207,0.245,0.0004
0.548,0.208,0.244,0.0005
0.548,0.21,0.242,0.0004
0.548,0.211,0.241,0.0008
0.548,0.212,0.24,0.0004
0.548,0.213,0.239,0.0004
0.548,0.214,0.238,0.001
0.548,0.215,0.237,0.0002
0.548,0.216,0.236,0.0002
0.548,0.217,0.235,0.0004
0.548,0.218,0.234,0.0003
0.548,0.219,0.233,0.0005
0.548,0.22,0.232,0.0007
0.548,0.221,0.231,0.0004
0.548,0.222,0.23,0.0007
0.548,0.223,0.229,0.0003
0.548,0.224,0.228,0.0006
0.548,0.225,0.227,0.0002
0.548,0.226,0.226,0.0005
0.548,0.227,0.225,0.0005
0.548,0.228,0.224,0.0002
0.548,0.229,0.223,0.0005
0.548,0.23,0.222,0.0001
0.548,0.231,0.221,0.0005
0.548,0.232,0.22,0.0007
0.548,0.233,0.219,0.0004
0.548,0.234,0.218,0.0005
0.548,0.235,0.217,0.0001
0.548,0.236,0.216,0.0005
0.548,0.237,0.215,0.0002
0.548,0.238,0.214,0.0003
0.548,0.24,0.212,0.0003
0.548,0.241,0.211,0.0005
0.548,0.242,0.21,0.0004
0.548,0.243,0.209,0.0003
0.548,0.245,0.207,0.0003
0.548,0.246,0.206,0.0002
0.548,0.247,0.205,0.0001
0.548,0.248,0.204,0.0005
0.548,0.249,0.203,0.0005
0.548,0.25,0.202,0.0008
0.548,0.251,0.201,0.0002
0.548,0.252,0.2,0.0006
0.548,0.254,0.198,0.0005
0.548,0.255,0.197,0.0007
0.548,0.256,0.196,0.0002
0.548,0.257,0.195,0.0002
0.548,0.258,0.194,0.0001
0.548,0.259,0.193,0.0001
0.548,0.26,0.192,0.0003
0.548,0.261,0.191,0.0001
0.548,0.262,0.19,0.0002
0.548,0.263,0.189,0.0003
0.548,0.265,0.187,0.0002
0.548,0.266,0.186,0.0001
0.548,0.267,0.185,0.0003
0.548,0.269,0.183,0.0001
0.548,0.271,0.181,0.0001
0.548,0.272,0.18,0.0001
0.548,0.273,0.179,0.0001
0.548,0.274,0.178,0.0003
0.548,0.276,0.176,0.0002
0.548,0.277,0.175,0.0001
0.548,0.279,0.173,0.0001
0.548,0.28,0.172,0.0001
0.548,0.281,0.171,0.0001
0.548,0.284,0.168,0.0005
0.548,0.287,0.165,0.0001
0.548,0.295,0.157,0.0001
0.549,0.14,0.311,0.0001
0.549,0.149,0.302,0.0001
0.549,0.15,0.301,0.0001
0.549,0.154,0.297,0.0001
0.549,0.155,0.296,0.0001
0.549,0.156,0.295,0.0001
0.549,0.161,0.29,0.0001
0.549,0.163,0.288,0.0001
0.549,0.165,0.286,0.0001
0.549,0.167,0.284,0.0002
0.549,0.168,0.283,0.0001
0.549,0.169,0.282,0.0004
0.549,0.17,0.281,0.0002
0.549,0.172,0.279,0.0001
0.549,0.173,0.278,0.0002
0.549,0.176,0.275,0.0002
0.549,0.177,0.274,0.0001
0.549,0.18,0.271,0.0002
0.549,0.181,0.27,0.0001
0.549,0.183,0.268,0.0001
0.549,0.184,0.267,0.0003
0.549,0.185,0.266,0.0004
0.549,0.186,0.265,0.0002
0.549,0.187,0.264,0.0005
0.549,0.188,0.263,0.0002
0.549,0.189,0.262,0.0002
0.549,0.19,0.261,0.0001
0.549,0.191,0.26,0.0002
0.549,0.192,0.259,0.0003
0.549,0.193,0.258,0.0002
0.549,0.194,0.257,0.0005
0.549,0.195,0.256,0.0003
0.549,0.196,0.255,0.0004
0.549,0.197,0.254,0.0005
0.549,0.198,0.253,0.0003
0.549,0.199,0.252,0.0002
0.549,0.2,0.251,0.0005
0.549,0.201,0.25,0.0004
0.549,0.202,0.249,0.0004
0.549,0.203,0.248,0.0001
0.549,0.204,0.247,0.0004
0.549,0.206,0.245,0.0003
0.549,0.207,0.244,0.0002
0.549,0.208,0.243,0.0002
0.549,0.209,0.242,0.0002
0.549,0.21,0.241,0.0005
0.549,0.211,0.24,0.0004
0.549,0.212,0.239,0.0005
0.549,0.213,0.238,0.0002
0.549,0.214,0.237,0.0008
0.549,0.215,0.236,0.0006
0.549,0.216,0.235,0.0003
0.549,0.217,0.234,0.0005
0.549,0.218,0.233,0.0005
0.549,0.219,0.232,0.0002
0.549,0.22,0.231,0.0001
0.549,0.221,0.23,0.0007
0.549,0.222,0.229,0.0002
0.549,0.223,0.228,0.0009
0.549,0.224,0.227,0.0006
0.549,0.225,0.226,0.0002
0.549,0.226,0.225,0.0003
0.549,0.227,0.224,0.0004
0.549,0.228,0.223,0.0001
0.549,0.229,0.222,0.0003
0.549,0.23,0.221,0.0005
0.549,0.231,0.22,0.0005
0.549,0.232,0.219,0.0005
0.549,0.233,0.218,0.0002
0.549,0.234,0.217,0.0003
0.549,0.235,0.216,0.0003
0.549,0.236,0.215,0.0003
0.549,0.237,0.214,0.0005
0.549,0.238,0.213,0.0002
0.549,0.239,0.212,0.0007
0.549,0.24,0.211,0.0002
0.549,0.241,0.21,0.0002
0.549,0.242,0.209,0.0003
0.549,0.243,0.208,0.0002
0.549,0.244,0.207,0.0002
0.549,0.245,0.206,0.0001
0.549,0.246,0.205,0.0003
0.549,0.247,0.204,0.0002
0.549,0.248,0.203,0.0003
0.549,0.249,0.202,0.0001
0.549,0.25,0.201,0.0001
0.549,0.251,0.2,0.0003
0.549,0.252,0.199,0.0002
0.549,0.253,0.198,0.0003
0.549,0.254,0.197,0.0003
0.549,0.255,0.196,0.0003
0.549,0.256,0.195,0.0001
0.549,0.257,0.194,0.0001
0.549,0.258,0.193,0.0002
0.549,0.259,0.192,0.0001
0.549,0.261,0.19,0.0001
0.549,0.262,0.189,0.0001
0.549,0.263,0.188,0.0001
0.549,0.264,0.187,0.0001
0.549,0.265,0.186,0.0002
0.549,0.267,0.184,0.0001
0.549,0.268,0.183,0.0001
0.549,0.269,0.182,0.0001
0.549,0.27,0.181,0.0001
0.549,0.273,0.178,0.0001
0.549,0.276,0.175,0.0002
0.549,0.282,0.169,0.0003
0.549,0.293,0.158,0.0001
0.549,0.298,0.153,0.0001
0.55,0.14,0.31,0.0001
0.55,0.146,0.304,0.0001
0.55,0.155,0.295,0.0001
0.55,0.158,0.292,0.0002
0.55,0.159,0.291,0.0001
0.55,0.162,0.288,0.0001
0.55,0.163,0.287,0.0001
0.55,0.169,0.281,0.0001
0.55,0.172,0.278,0.0001
0.55,0.173,0.277,0.0002
0.55,0.174,0.276,0.0001
0.55,0.176,0.274,0.0001
0.55,0.177,0.273,0.0003
0.55,0.178,0.272,0.0001
0.55,0.179,0.271,0.0002
0.55,0.18,0.27,0.0003
0.55,0.181,0.269,0.0001
0.55,0.182,0.268,0.0001
0.55,0.183,0.267,0.0003
0.55,0.184,0.266,0.0002
0.55,0.185,0.265,0.0005
0.55,0.186,0.264,0.0004
0.55,0.187,0.263,0.0002
0.55,0.188,0.262,0.0003
0.55,0.189,0.261,0.0003
0.55,0.19,0.26,0.0003
0.55,0.191,0.259,0.0004
0.55,0.192,0.258,0.0005
0.55,0.193,0.257,0.0004
0.55,0.194,0.256,0.0002
0.55,0.195,0.255,0.0002
0.55,0.196,0.254,0.0003
0.55,0.197,0.253,0.0001
0.55,0.198,0.252,0.0004
0.55,0.199,0.251,0.0002
0.55,0.2,0.25,0.0004
0.55,0.201,0.249,0.0001
0.55,0.202,0.248,0.0002
0.55,0.203,0.247,0.0003
0.55,0.204,0.246,0.0009
0.55,0.205,0.245,0.0007
0.55,0.206,0.244,0.0007
0.55,0.207,0.243,0.0004
0.55,0.208,0.242,0.0006
0.55,0.209,0.241,0.0005
0.55,0.21,0.24,0.0003
0.55,0.211,0.239,0.0007
0.55,0.212,0.238,0.0005
0.55,0.213,0.237,0.0004
0.55,0.214,0.236,0.0005
0.55,0.215,0.235,0.0005
0.55,0.216,0.234,0.0005
0.55,0.218,0.232,0.0006
0.55,0.219,0.231,0.0004
0.55,0.22,0.23,0.0007
0.55,0.221,0.229,0.0005
0.55,0.222,0.228,0.0007
0.55,0.223,0.227,0.0005
0.55,0.224,0.226,0.0005
0.55,0.225,0.225,0.0002
0.55,0.226,0.224,0.0006
0.55,0.227,0.223,0.0002
0.55,0.228,0.222,0.0002
0.55,0.229,0.221,0.0004
0.55,0.23,0.22,0.0001
0.55,0.231,0.219,0.0006
0.55,0.233,0.217,0.0002
0.55,0.234,0.216,0.0007
0.55,0.235,0.215,0.0007
0.55,0.236,0.214,0.0004
0.55,0.238,0.212,0.0003
0.55,0.239,0.211,0.0005
0.55,0.24,0.21,0.0005
0.55,0.241,0.209,0.0002
0.55,0.242,0.208,0.0001
0.55,0.244,0.206,0.0001
0.55,0.245,0.205,0.0009
0.55,0.246,0.204,0.0001
0.55,0.247,0.203,0.0006
0.55,0.248,0.202,0.0003
0.55,0.25,0.2,0.0007
0.55,0.251,0.199,0.0008
0.55,0.252,0.198,0.0002
0.55,0.253,0.197,0.0003
0.55,0.254,0.196,0.0004
0.55,0.255,0.195,0.0003
0.55,0.256,0.194,0.0001
0.55,0.257,0.193,0.0003
0.55,0.258,0.192,0.0003
0.55,0.259,0.191,0.0001
0.55,0.26,0.19,0.0002
0.55,0.261,0.189,0.0002
0.55,0.262,0.188,0.0001
0.55,0.263,0.187,0.0001
0.55,0.265,0.185,0.0003
0.55,0.266,0.184,0.0002
0.55,0.267,0.183,0.0003
0.55,0.268,0.182,0.0001
0.55,0.269,0.181,0.0001
0.55,0.27,0.18,0.0003
0.55,0.274,0.176,0.0001
0.55,0.275,0.175,0.0002
0.55,0.276,0.174,0.0001
0.55,0.278,0.172,0.0001
0.55,0.279,0.171,0.0001
0.55,0.281,0.169,0.0001
0.55,0.282,0.168,0.0001
0.55,0.288,0.162,0.0001
0.55,0.289,0.161,0.0001
0.551,0.135,0.314,0.0001
0.551,0.142,0.307,0.0001
0.551,0.147,0.302,0.0001
0.551,0.148,0.301,0.0001
0.551,0.151,0.298,0.0002
0.551,0.154,0.295,0.0001
0.551,0.157,0.292,0.0001
0.551,0.158,0.291,0.0001
0.551,0.163,0.286,0.0001
0.551,0.164,0.285,0.0003
0.551,0.17,0.279,0.0001
0.551,0.171,0.278,0.0001
0.551,0.173,0.276,0.0002
0.551,0.174,0.275,0.0004
0.551,0.175,0.274,0.0002
0.551,0.177,0.272,0.0003
0.551,0.178,0.271,0.0001
0.551,0.179,0.27,0.0002
0.551,0.18,0.269,0.0002
0.551,0.181,0.268,0.0001
0.551,0.182,0.267,0.0003
0.551,0.183,0.266,0.0002
0.551,0.184,0.265,0.0002
0.551,0.185,0.264,0.0002
0.551,0.186,0.263,0.0003
0.551,0.187,0.262,0.0005
0.551,0.188,0.261,0.0007
0.551,0.189,0.26,0.0004
0.551,0.19,0.259,0.0001
0.551,0.192,0.257,0.0004
0.551,0.193,0.256,0.0005
0.551,0.194,0.255,0.0004
0.551,0.195,0.254,0.0004
0.551,0.196,0.253,0.0002
0.551,0.197,0.252,0.0001
0.551,0.198,0.251,0.0001
0.551,0.199,0.25,0.0009
0.551,0.2,0.249,0.0001
0.551,0.201,0.248,0.0006
0.551,0.202,0.247,0.0002
0.551,0.203,0.246,0.0003
0.551,0.204,0.245,0.0002
0.551,0.205,0.244,0.0005
0.551,0.206,0.243,0.0003
0.551,0.207,0.242,0.0003
0.551,0.21,0.239,0.0004
0.551,0.211,0.238,0.0005
0.551,0.212,0.237,0.0001
0.551,0.213,0.236,0.0006
0.551,0.214,0.235,0.0002
0.551,0.215,0.234,0.0007
0.551,0.216,0.233,0.0005
0.551,0.217,0.232,0.0003
0.551,0.218,0.231,0.0004
0.551,0.219,0.23,0.0007
0.551,0.22,0.229,0.0004
0.551,0.221,0.228,0.0006
0.551,0.222,0.227,0.0004
0.551,0.223,0.226,0.0002
0.551,0.224,0.225,0.0002
0.551,0.225,0.224,0.0006
0.551,0.226,0.223,0.0003
0.551,0.227,0.222,0.0007
0.551,0.228,0.221,0.0001
0.551,0.229,0.22,0.0002
0.551,0.23,0.219,0.0008
0.551,0.231,0.218,0.0002
0.551,0.232,0.217,0.0002
0.551,0.233,0.216,0.0006
0.551,0.234,0.215,0.0008
0.551,0.235,0.214,0.0003
0.551,0.236,0.213,0.0003
0.551,0.237,0.212,0.0007
0.551,0.238,0.211,0.0002
0.551,0.239,0.21,0.0002
0.551,0.24,0.209,0.0003
0.551,0.241,0.208,0.0003
0.551,0.242,0.207,0.0004
0.551,0.243,0.206,0.0002
0.551,0.244,0.205,0.0004
0.551,0.245,0.204,0.0005
0.551,0.246,0.203,0.0003
0.551,0.247,0.202,0.0006
0.551,0.248,0.201,0.0006
0.551,0.249,0.2,0.0002
0.551,0.251,0.198,0.0003
0.551,0.252,0.197,0.0004
0.551,0.253,0.196,0.0002
0.551,0.254,0.195,0.0002
0.551,0.255,0.194,0.0004
0.551,0.256,0.193,0.0002
0.551,0.257,0.192,0.0002
0.551,0.258,0.191,0.0003
0.551,0.26,0.189,0.0002
0.551,0.261,0.188,0.0006
0.551,0.262,0.187,0.0002
0.551,0.264,0.185,0.0003
0.551,0.265,0.184,0.0001
0.551,0.266,0.183,0.0002
0.551,0.267,0.182,0.0002
0.551,0.268,0.181,0.0002
0.551,0.271,0.178,0.0001
0.551,0.275,0.174,0.0001
0.551,0.278,0.171,0.0001
0.551,0.283,0.166,0.0001
0.551,0.284,0.165,0.0002
0.551,0.287,0.162,0.0001
0.551,0.29,0.159,0.0001
0.551,0.304,0.145,0.0001
0.552,0.13,0.318,0.0001
0.552,0.137,0.311,0.0001
0.552,0.14,0.308,0.0001
0.552,0.141,0.307,0.0001
0.552,0.156,0.292,0.0001
0.552,0.158,0.29,0.0002
0.552,0.16,0.288,0.0001
0.552,0.162,0.286,0.0001
0.552,0.163,0.285,0.0001
0.552,0.164,0.284,0.0002
0.552,0.165,0.283,0.0001
0.552,0.167,0.281,0.0001
0.552,0.17,0.278,0.0002
0.552,0.171,0.277,0.0001
0.552,0.172,0.276,0.0003
0.552,0.173,0.275,0.0002
0.552,0.175,0.273,0.0002
0.552,0.178,0.27,0.0001
0.552,0.179,0.269,0.0002
0.552,0.18,0.268,0.0001
0.552,0.181,0.267,0.0003
0.552,0.182,0.266,0.0004
0.552,0.183,0.265,0.0001
0.552,0.184,0.264,0.0005
0.552,0.185,0.263,0.0006
0.552,0.186,0.262,0.0001
0.552,0.187,0.261,0.0003
0.552,0.188,0.26,0.0001
0.552,0.189,0.259,0.0002
0.552,0.19,0.258,0.0005
0.552,0.191,0.257,0.0003
0.552,0.192,0.256,0.0004
0.552,0.193,0.255,0.0006
0.552,0.194,0.254,0.0004
0.552,0.195,0.253,0.0002
0.552,0.196,0.252,0.0004
0.552,0.197,0.251,0.0003
0.552,0.198,0.25,0.0002
0.552,0.199,0.249,0.0009
0.552,0.2,0.248,0.0002
0.552,0.201,0.247,0.0002
0.552,0.202,0.246,0.0002
0.552,0.203,0.245,0.0002
0.552,0.204,0.244,0.0006
0.552,0.205,0.243,0.0005
0.552,0.206,0.242,0.0004
0.552,0.207,0.241,0.0003
0.552,0.208,0.24,0.0004
0.552,0.209,0.239,0.0004
0.552,0.21,0.238,0.0003
0.552,0.211,0.237,0.0001
0.552,0.212,0.236,0.0006
0.552,0.213,0.235,0.0002
0.552,0.214,0.234,0.0005
0.552,0.215,0.233,0.0006
0.552,0.216,0.232,0.0007
0.552,0.217,0.231,0.0004
0.552,0.218,0.23,0.0005
0.552,0.219,0.229,0.0007
0.552,0.22,0.228,0.0003
0.552,0.221,0.227,0.0001
0.552,0.222,0.226,0.0001
0.552,0.223,0.225,0.0003
0.552,0.224,0.224,0.0006
0.552,0.225,0.223,0.0003
0.552,0.226,0.222,0.0002
0.552,0.227,0.221,0.0004
0.552,0.228,0.22,0.0005
0.552,0.229,0.219,0.0005
0.552,0.23,0.218,0.0004
0.552,0.231,0.217,0.0006
0.552,0.232,0.216,0.0003
0.552,0.233,0.215,0.0002
0.552,0.234,0.214,0.0002
0.552,0.235,0.213,0.0001
0.552,0.236,0.212,0.0004
0.552,0.237,0.211,0.0003
0.552,0.238,0.21,0.0005
0.552,0.239,0.209,0.0006
0.552,0.24,0.208,0.0001
0.552,0.241,0.207,0.0007
0.552,0.242,0.206,0.0005
0.552,0.243,0.205,0.0002
0.552,0.244,0.204,0.0002
0.552,0.245,0.203,0.0001
0.552,0.246,0.202,0.0004
0.552,0.247,0.201,0.0001
0.552,0.248,0.2,0.0003
0.552,0.25,0.198,0.0003
0.552,0.251,0.197,0.0005
0.552,0.252,0.196,0.0005
0.552,0.253,0.195,0.0003
0.552,0.254,0.194,0.0001
0.552,0.255,0.193,0.0003
0.552,0.256,0.192,0.0002
0.552,0.257,0.191,0.0002
0.552,0.258,0.19,0.0002
0.552,0.26,0.188,0.0001
0.552,0.261,0.187,0.0002
0.552,0.262,0.186,0.0003
0.552,0.263,0.185,0.0003
0.552,0.264,0.184,0.0002
0.552,0.265,0.183,0.0002
0.552,0.268,0.18,0.0003
0.552,0.269,0.179,0.0003
0.552,0.27,0.178,0.0001
0.552,0.272,0.176,0.0001
0.552,0.273,0.175,0.0003
0.552,0.274,0.174,0.0001
0.552,0.275,0.173,0.0001
0.552,0.278,0.17,0.0001
0.552,0.283,0.165,0.0001
0.552,0.287,0.161,0.0001
0.552,0.289,0.159,0.0002
0.552,0.291,0.157,0.0001
0.553,0.15,0.297,0.0001
0.553,0.151,0.296,0.0002
0.553,0.153,0.294,0.0003
0.553,0.154,0.293,0.0001
0.553,0.155,0.292,0.0001
0.553,0.157,0.29,0.0001
0.553,0.161,0.286,0.0002
0.553,0.163,0.284,0.0002
0.553,0.165,0.282,0.0001
0.553,0.166,0.281,0.0001
0.553,0.167,0.28,0.0001
0.553,0.171,0.276,0.0001
0.553,0.173,0.274,0.0001
0.553,0.175,0.272,0.0003
0.553,0.176,0.271,0.0005
0.553,0.178,0.269,0.0001
0.553,0.179,0.268,0.0001
0.553,0.18,0.267,0.0002
0.553,0.181,0.266,0.0002
0.553,0.182,0.265,0.0002
0.553,0.183,0.264,0.0003
0.553,0.184,0.263,0.0004
0.553,0.185,0.262,0.0001
0.553,0.186,0.261,0.0006
0.553,0.187,0.26,0.0003
0.553,0.188,0.259,0.0004
0.553,0.189,0.258,0.0002
0.553,0.19,0.257,0.0003
0.553,0.191,0.256,0.0001
0.553,0.192,0.255,0.0002
0.553,0.193,0.254,0.0004
0.553,0.194,0.253,0.0002
0.553,0.195,0.252,0.0004
0.553,0.196,0.251,0.0002
0.553,0.197,0.25,0.0003
0.553,0.198,0.249,0.0007
0.553,0.199,0.248,0.0003
0.553,0.2,0.247,0.0004
0.553,0.201,0.246,0.0002
0.553,0.203,0.244,0.0005
0.553,0.204,0.243,0.0003
0.553,0.205,0.242,0.0002
0.553,0.206,0.241,0.0002
0.553,0.208,0.239,0.0003
0.553,0.209,0.238,0.0003
0.553,0.21,0.237,0.0004
0.553,0.211,0.236,0.0005
0.553,0.212,0.235,0.0004
0.553,0.213,0.234,0.0003
0.553,0.214,0.233,0.0001
0.553,0.215,0.232,0.0006
0.553,0.216,0.231,0.0002
0.553,0.217,0.23,0.0005
0.553,0.218,0.229,0.0003
0.553,0.219,0.228,0.0006
0.553,0.22,0.227,0.0002
0.553,0.221,0.226,0.0006
0.553,0.222,0.225,0.0008
0.553,0.223,0.224,0.0006
0.553,0.224,0.223,0.0003
0.553,0.225,0.222,0.0003
0.553,0.226,0.221,0.0005
0.553,0.227,0.22,0.0005
0.553,0.228,0.219,0.0003
0.553,0.229,0.218,0.0001
0.553,0.231,0.216,0.0003
0.553,0.232,0.215,0.0002
0.553,0.233,0.214,0.0003
0.553,0.234,0.213,0.0001
0.553,0.235,0.212,0.0006
0.553,0.236,0.211,0.0003
0.553,0.237,0.21,0.001
0.553,0.238,0.209,0.0005
0.553,0.239,0.208,0.0004
0.553,0.24,0.207,0.0005
0.553,0.241,0.206,0.0002
0.553,0.242,0.205,0.0005
0.553,0.243,0.204,0.0005
0.553,0.245,0.202,0.0001
0.553,0.246,0.201,0.0003
0.553,0.247,0.2,0.0003
0.553,0.248,0.199,0.0004
0.553,0.249,0.198,0.0002
0.553,0.25,0.197,0.0002
0.553,0.251,0.196,0.0002
0.553,0.252,0.195,0.0001
0.553,0.253,0.194,0.0006
0.553,0.254,0.193,0.0005
0.553,0.255,0.192,0.0001
0.553,0.257,0.19,0.0002
0.553,0.258,0.189,0.0006
0.553,0.259,0.188,0.0002
0.553,0.26,0.187,0.0001
0.553,0.261,0.186,0.0001
0.553,0.262,0.185,0.0001
0.553,0.263,0.184,0.0002
0.553,0.264,0.183,0.0001
0.553,0.266,0.181,0.0001
0.553,0.27,0.177,0.0002
0.553,0.271,0.176,0.0002
0.553,0.272,0.175,0.0001
0.553,0.273,0.174,0.0002
0.553,0.274,0.173,0.0001
0.553,0.275,0.172,0.0002
0.553,0.278,0.169,0.0001
0.553,0.279,0.168,0.0003
0.553,0.281,0.166,0.0001
0.553,0.288,0.159,0.0001
0.553,0.294,0.153,0.0001
0.553,0.31,0.137,0.0001
0.553,0.312,0.135,0.0001
0.554,0.117,0.329,0.0001
0.554,0.143,0.303,0.0001
0.554,0.148,0.298,0.0001
0.554,0.158,0.288,0.0003
0.554,0.16,0.286,0.0001
0.554,0.161,0.285,0.0001
0.554,0.163,0.283,0.0002
0.554,0.165,0.281,0.0001
0.554,0.168,0.278,0.0001
0.554,0.17,0.276,0.0001
0.554,0.171,0.275,0.0002
0.554,0.172,0.274,0.0001
0.554,0.174,0.272,0.0001
0.554,0.175,0.271,0.0004
0.554,0.176,0.27,0.0004
0.554,0.177,0.269,0.0002
0.554,0.178,0.268,0.0001
0.554,0.181,0.265,0.0002
0.554,0.182,0.264,0.0002
0.554,0.183,0.263,0.0001
0.554,0.184,0.262,0.0006
0.554,0.185,0.261,0.0003
0.554,0.186,0.26,0.0004
0.554,0.187,0.259,0.0002
0.554,0.189,0.257,0.0005
0.554,0.191,0.255,0.0001
0.554,0.192,0.254,0.0002
0.554,0.193,0.253,0.0004
0.554,0.194,0.252,0.0005
0.554,0.195,0.251,0.0004
0.554,0.196,0.25,0.0003
0.554,0.197,0.249,0.0004
0.554,0.198,0.248,0.0003
0.554,0.199,0.247,0.0002
0.554,0.2,0.246,0.0006
0.554,0.201,0.245,0.0003
0.554,0.202,0.244,0.0006
0.554,0.203,0.243,0.0003
0.554,0.204,0.242,0.0006
0.554,0.205,0.241,0.0003
0.554,0.206,0.24,0.0008
0.554,0.207,0.239,0.0003
0.554,0.208,0.238,0.0004
0.554,0.209,0.237,0.0003
0.554,0.21,0.236,0.0003
0.554,0.211,0.235,0.0004
0.554,0.212,0.234,0.0003
0.554,0.213,0.233,0.0005
0.554,0.214,0.232,0.0006
0.554,0.215,0.231,0.0002
0.554,0.216,0.23,0.0003
0.554,0.217,0.229,0.0001
0.554,0.218,0.228,0.0003
0.554,0.219,0.227,0.0006
0.554,0.22,0.226,0.0002
0.554,0.221,0.225,0.0004
0.554,0.222,0.224,0.0004
0.554,0.223,0.223,0.0002
0.554,0.224,0.222,0.0002
0.554,0.225,0.221,0.0005
0.554,0.226,0.22,0.0004
0.554,0.227,0.219,0.0002
0.554,0.228,0.218,0.0005
0.554,0.229,0.217,0.0005
0.554,0.23,0.216,0.0003
0.554,0.231,0.215,0.0001
0.554,0.232,0.214,0.0002
0.554,0.233,0.213,0.0007
0.554,0.234,0.212,0.0003
0.554,0.235,0.211,0.0004
0.554,0.236,0.21,0.0001
0.554,0.237,0.209,0.0002
0.554,0.238,0.208,0.0005
0.554,0.239,0.207,0.0003
0.554,0.24,0.206,0.0003
0.554,0.241,0.205,0.0003
0.554,0.242,0.204,0.0004
0.554,0.243,0.203,0.0002
0.554,0.244,0.202,0.0002
0.554,0.245,0.201,0.0002
0.554,0.247,0.199,0.0002
0.554,0.248,0.198,0.0002
0.554,0.249,0.197,0.0001
0.554,0.25,0.196,0.0001
0.554,0.251,0.195,0.0002
0.554,0.252,0.194,0.0001
0.554,0.253,0.193,0.0001
0.554,0.254,0.192,0.0001
0.554,0.255,0.191,0.0002
0.554,0.257,0.189,0.0001
0.554,0.258,0.188,0.0004
0.554,0.259,0.187,0.0003
0.554,0.26,0.186,0.0002
0.554,0.261,0.185,0.0001
0.554,0.262,0.184,0.0002
0.554,0.263,0.183,0.0002
0.554,0.264,0.182,0.0001
0.554,0.265,0.181,0.0002
0.554,0.266,0.18,0.0001
0.554,0.267,0.179,0.0004
0.554,0.269,0.177,0.0003
0.554,0.27,0.176,0.0001
0.554,0.271,0.175,0.0001
0.554,0.272,0.174,0.0001
0.554,0.275,0.171,0.0001
0.554,0.276,0.17,0.0003
0.554,0.277,0.169,0.0001
0.554,0.282,0.164,0.0001
0.554,0.283,0.163,0.0001
0.554,0.284,0.162,0.0001
0.554,0.285,0.161,0.0001
0.554,0.303,0.143,0.0001
0.555,0.153,0.292,0.0001
0.555,0.157,0.288,0.0001
0.555,0.158,0.287,0.0001
0.555,0.159,0.286,0.0001
0.555,0.16,0.285,0.0001
0.555,0.162,0.283,0.0002
0.555,0.163,0.282,0.0001
0.555,0.164,0.281,0.0001
0.555,0.166,0.279,0.0002
0.555,0.167,0.278,0.0002
0.555,0.168,0.277,0.0001
0.555,0.169,0.276,0.0001
0.555,0.17,0.275,0.0001
0.555,0.171,0.274,0.0001
0.555,0.172,0.273,0.0002
0.555,0.174,0.271,0.0001
0.555,0.175,0.27,0.0002
0.555,0.176,0.269,0.0001
0.555,0.177,0.268,0.0002
0.555,0.178,0.267,0.0001
0.555,0.179,0.266,0.0002
0.555,0.18,0.265,0.0001
0.555,0.181,0.264,0.0005
0.555,0.182,0.263,0.0001
0.555,0.183,0.262,0.0001
0.555,0.184,0.261,0.0003
0.555,0.186,0.259,0.0002
0.555,0.187,0.258,0.0003
0.555,0.188,0.257,0.0001
0.555,0.189,0.256,0.0002
0.555,0.19,0.255,0.0005
0.555,0.191,0.254,0.0005
0.555,0.193,0.252,0.0002
0.555,0.194,0.251,0.0006
0.555,0.195,0.25,0.0002
0.555,0.197,0.248,0.0002
0.555,0.198,0.247,0.0004
0.555,0.199,0.246,0.0005
0.555,0.2,0.245,0.0005
0.555,0.201,0.244,0.0004
0.555,0.202,0.243,0.0002
0.555,0.203,0.242,0.0007
0.555,0.204,0.241,0.0006
0.555,0.205,0.24,0.0006
0.555,0.206,0.239,0.0004
0.555,0.207,0.238,0.0003
0.555,0.208,0.237,0.0004
0.555,0.209,0.236,0.0002
0.555,0.21,0.235,0.0004
0.555,0.211,0.234,0.0006
0.555,0.212,0.233,0.0002
0.555,0.213,0.232,0.0004
0.555,0.214,0.231,0.0002
0.555,0.215,0.23,0.0002
0.555,0.216,0.229,0.0001
0.555,0.217,0.228,0.0008
0.555,0.218,0.227,0.0005
0.555,0.219,0.226,0.0002
0.555,0.22,0.225,0.0003
0.555,0.221,0.224,0.0004
0.555,0.222,0.223,0.0003
0.555,0.223,0.222,0.0001
0.555,0.224,0.221,0.0005
0.555,0.225,0.22,0.0001
0.555,0.226,0.219,0.0003
0.555,0.227,0.218,0.0001
0.555,0.228,0.217,0.0002
0.555,0.229,0.216,0.0003
0.555,0.23,0.215,0.0004
0.555,0.231,0.214,0.0003
0.555,0.232,0.213,0.0008
0.555,0.233,0.212,0.0005
0.555,0.234,0.211,0.0003
0.555,0.235,0.21,0.0003
0.555,0.236,0.209,0.0002
0.555,0.237,0.208,0.0002
0.555,0.238,0.207,0.0004
0.555,0.239,0.206,0.0007
0.555,0.24,0.205,0.0004
0.555,0.241,0.204,0.0003
0.555,0.242,0.203,0.0004
0.555,0.243,0.202,0.0003
0.555,0.244,0.201,0.0001
0.555,0.245,0.2,0.0004
0.555,0.246,0.199,0.0001
0.555,0.247,0.198,0.0001
0.555,0.248,0.197,0.0002
0.555,0.25,0.195,0.0002
0.555,0.251,0.194,0.0003
0.555,0.252,0.193,0.0003
0.555,0.254,0.191,0.0002
0.555,0.255,0.19,0.0002
0.555,0.257,0.188,0.0001
0.555,0.258,0.187,0.0003
0.555,0.259,0.186,0.0001
0.555,0.26,0.185,0.0001
0.555,0.262,0.183,0.0003
0.555,0.263,0.182,0.0001
0.555,0.264,0.181,0.0002
0.555,0.265,0.18,0.0001
0.555,0.266,0.179,0.0001
0.555,0.267,0.178,0.0001
0.555,0.268,0.177,0.0002
0.555,0.269,0.176,0.0001
0.555,0.272,0.173,0.0001
0.555,0.273,0.172,0.0001
0.555,0.275,0.17,0.0001
0.555,0.276,0.169,0.0001
0.555,0.277,0.168,0.0001
0.555,0.278,0.167,0.0002
0.555,0.284,0.161,0.0001
0.555,0.29,0.155,0.0001
0.555,0.292,0.153,0.0001
0.555,0.296,0.149,0.0001
0.556,0.138,0.306,0.0001
0.556,0.139,0.305,0.0001
0.556,0.146,0.298,0.0001
0.556,0.158,0.286,0.0002
0.556,0.159,0.285,0.0001
0.556,0.16,0.284,0.0001
0.556,0.162,0.282,0.0001
0.556,0.164,0.28,0.0001
0.556,0.165,0.279,0.0002
0.556,0.166,0.278,0.0003
0.556,0.167,0.277,0.0002
0.556,0.168,0.276,0.0001
0.556,0.171,0.273,0.0001
0.556,0.173,0.271,0.0004
0.556,0.174,0.27,0.0002
0.556,0.175,0.269,0.0002
0.556,0.176,0.268,0.0003
0.556,0.177,0.267,0.0002
0.556,0.178,0.266,0.0002
0.556,0.179,0.265,0.0002
0.556,0.181,0.263,0.0002
0.556,0.182,0.262,0.0002
0.556,0.183,0.261,0.0001
0.556,0.184,0.26,0.0003
0.556,0.185,0.259,0.0002
0.556,0.186,0.258,0.0007
0.556,0.187,0.257,0.0001
0.556,0.188,0.256,0.0002
0.556,0.189,0.255,0.0005
0.556,0.19,0.254,0.0006
0.556,0.191,0.253,0.0002
0.556,0.192,0.252,0.0004
0.556,0.193,0.251,0.0004
0.556,0.194,0.25,0.0004
0.556,0.195,0.249,0.0001
0.556,0.196,0.248,0.0001
0.556,0.197,0.247,0.0006
0.556,0.199,0.245,0.0001
0.556,0.2,0.244,0.0004
0.556,0.201,0.243,0.0001
0.556,0.202,0.242,0.0004
0.556,0.203,0.241,0.0003
0.556,0.204,0.24,0.0003
0.556,0.205,0.239,0.0003
0.556,0.206,0.238,0.0006
0.556,0.207,0.237,0.0005
0.556,0.208,0.236,0.0004
0.556,0.209,0.235,0.0003
0.556,0.21,0.234,0.0007
0.556,0.211,0.233,0.0002
0.556,0.212,0.232,0.0007
0.556,0.213,0.231,0.0006
0.556,0.214,0.23,0.0003
0.556,0.215,0.229,0.0004
0.556,0.216,0.228,0.0002
0.556,0.217,0.227,0.0005
0.556,0.218,0.226,0.0003
0.556,0.219,0.225,0.0004
0.556,0.22,0.224,0.0007
0.556,0.221,0.223,0.0003
0.556,0.222,0.222,0.0004
0.556,0.223,0.221,0.0002
0.556,0.224,0.22,0.0006
0.556,0.225,0.219,0.0003
0.556,0.226,0.218,0.0007
0.556,0.227,0.217,0.0001
0.556,0.228,0.216,0.0002
0.556,0.229,0.215,0.0002
0.556,0.23,0.214,0.0003
0.556,0.231,0.213,0.0004
0.556,0.232,0.212,0.0002
0.556,0.233,0.211,0.0005
0.556,0.234,0.21,0.0001
0.556,0.235,0.209,0.0003
0.556,0.236,0.208,0.0004
0.556,0.237,0.207,0.0003
0.556,0.238,0.206,0.0006
0.556,0.239,0.205,0.0002
0.556,0.24,0.204,0.0003
0.556,0.241,0.203,0.0001
0.556,0.242,0.202,0.0002
0.556,0.243,0.201,0.0001
0.556,0.244,0.2,0.0004
0.556,0.245,0.199,0.0003
0.556,0.246,0.198,0.0001
0.556,0.247,0.197,0.0002
0.556,0.249,0.195,0.0001
0.556,0.25,0.194,0.0003
0.556,0.251,0.193,0.0001
0.556,0.252,0.192,0.0004
0.556,0.253,0.191,0.0001
0.556,0.254,0.19,0.0001
0.556,0.255,0.189,0.0002
0.556,0.256,0.188,0.0004
0.556,0.258,0.186,0.0002
0.556,0.259,0.185,0.0002
0.556,0.26,0.184,0.0002
0.556,0.261,0.183,0.0003
0.556,0.263,0.181,0.0001
0.556,0.265,0.179,0.0003
0.556,0.266,0.178,0.0001
0.556,0.267,0.177,0.0001
0.556,0.268,0.176,0.0002
0.556,0.269,0.175,0.0002
0.556,0.273,0.171,0.0002
0.556,0.283,0.161,0.0001
0.556,0.288,0.156,0.0001
0.556,0.302,0.142,0.0001
0.556,0.314,0.13,0.0001
0.557,0.14,0.303,0.0001
0.557,0.151,0.292,0.0001
0.557,0.153,0.29,0.0001
0.557,0.154,0.289,0.0001
0.557,0.157,0.286,0.0001
0.557,0.158,0.285,0.0001
0.557,0.159,0.284,0.0001
0.557,0.16,0.283,0.0003
0.557,0.161,0.282,0.0001
0.557,0.162,0.281,0.0001
0.557,0.163,0.28,0.0001
0.557,0.164,0.279,0.0002
0.557,0.165,0.278,0.0001
0.557,0.167,0.276,0.0001
0.557,0.168,0.275,0.0002
0.557,0.17,0.273,0.0003
0.557,0.171,0.272,0.0002
0.557,0.172,0.271,0.0001
0.557,0.173,0.27,0.0001
0.557,0.174,0.269,0.0002
0.557,0.175,0.268,0.0001
0.557,0.176,0.267,0.0001
0.557,0.177,0.266,0.0002
0.557,0.178,0.265,0.0001
0.557,0.179,0.264,0.0002
0.557,0.18,0.263,0.0004
0.557,0.181,0.262,0.0001
0.557,0.182,0.261,0.0003
0.557,0.184,0.259,0.0002
0.557,0.185,0.258,0.0002
0.557,0.186,0.257,0.0001
0.557,0.187,0.256,0.0002
0.557,0.188,0.255,0.0004
0.557,0.189,0.254,0.0001
0.557,0.19,0.253,0.0002
0.557,0.191,0.252,0.0002
0.557,0.192,0.251,0.0002
0.557,0.193,0.25,0.0005
0.557,0.194,0.249,0.0002
0.557,0.195,0.248,0.0006
0.557,0.196,0.247,0.0004
0.557,0.197,0.246,0.0003
0.557,0.198,0.245,0.0002
0.557,0.199,0.244,0.0002
0.557,0.2,0.243,0.0003
0.557,0.201,0.242,0.0002
0.557,0.202,0.241,0.0002
0.557,0.203,0.24,0.0004
0.557,0.204,0.239,0.0003
0.557,0.205,0.238,0.0005
0.557,0.206,0.237,0.0004
0.557,0.207,0.236,0.0003
0.557,0.208,0.235,0.0005
0.557,0.209,0.234,0.0003
0.557,0.21,0.233,0.0004
0.557,0.211,0.232,0.0002
0.557,0.212,0.231,0.0004
0.557,0.213,0.23,0.0004
0.557,0.214,0.229,0.0002
0.557,0.215,0.228,0.0003
0.557,0.216,0.227,0.0002
0.557,0.217,0.226,0.0003
0.557,0.218,0.225,0.0003
0.557,0.219,0.224,0.0002
0.557,0.22,0.223,0.0003
0.557,0.221,0.222,0.0004
0.557,0.222,0.221,0.0003
0.557,0.223,0.22,0.001
0.557,0.224,0.219,0.0002
0.557,0.226,0.217,0.0006
0.557,0.227,0.216,0.0003
0.557,0.228,0.215,0.0004
0.557,0.229,0.214,0.0002
0.557,0.23,0.213,0.0001
0.557,0.231,0.212,0.0003
0.557,0.232,0.211,0.0003
0.557,0.233,0.21,0.0002
0.557,0.234,0.209,0.0002
0.557,0.235,0.208,0.0001
0.557,0.236,0.207,0.0004
0.557,0.237,0.206,0.0003
0.557,0.238,0.205,0.0004
0.557,0.239,0.204,0.0005
0.557,0.24,0.203,0.0003
0.557,0.241,0.202,0.0005
0.557,0.242,0.201,0.0002
0.557,0.243,0.2,0.0007
0.557,0.244,0.199,0.0002
0.557,0.245,0.198,0.0005
0.557,0.246,0.197,0.0002
0.557,0.247,0.196,0.0006
0.557,0.248,0.195,0.0001
0.557,0.249,0.194,0.0002
0.557,0.251,0.192,0.0001
0.557,0.252,0.191,0.0002
0.557,0.253,0.19,0.0002
0.557,0.254,0.189,0.0002
0.557,0.256,0.187,0.0003
0.557,0.257,0.186,0.0002
0.557,0.258,0.185,0.0002
0.557,0.259,0.184,0.0002
0.557,0.26,0.183,0.0002
0.557,0.261,0.182,0.0002
0.557,0.262,0.181,0.0002
0.557,0.265,0.178,0.0001
0.557,0.266,0.177,0.0002
0.557,0.267,0.176,0.0001
0.557,0.268,0.175,0.0001
0.557,0.269,0.174,0.0002
0.557,0.272,0.171,0.0002
0.557,0.273,0.17,0.0001
0.557,0.276,0.167,0.0002
0.557,0.277,0.166,0.0001
0.557,0.278,0.165,0.0001
0.557,0.286,0.157,0.0001
0.557,0.292,0.151,0.0001
0.557,0.302,0.141,0.0001
0.558,0.137,0.305,0.0001
0.558,0.138,0.304,0.0001
0.558,0.142,0.3,0.0002
0.558,0.144,0.298,0.0001
0.558,0.149,0.293,0.0001
0.558,0.154,0.288,0.0001
0.558,0.158,0.284,0.0001
0.558,0.16,0.282,0.0001
0.558,0.162,0.28,0.0001
0.558,0.165,0.277,0.0001
0.558,0.166,0.276,0.0001
0.558,0.168,0.274,0.0002
0.558,0.171,0.271,0.0001
0.558,0.172,0.27,0.0002
0.558,0.173,0.269,0.0001
0.558,0.174,0.268,0.0002
0.558,0.175,0.267,0.0001
0.558,0.177,0.265,0.0002
0.558,0.178,0.264,0.0001
0.558,0.179,0.263,0.0003
0.558,0.18,0.262,0.0001
0.558,0.181,0.261,0.0001
0.558,0.182,0.26,0.0001
0.558,0.183,0.259,0.0002
0.558,0.184,0.258,0.0002
0.558,0.185,0.257,0.0001
0.558,0.186,0.256,0.0004
0.558,0.188,0.254,0.0002
0.558,0.189,0.253,0.0002
0.558,0.19,0.252,0.0005
0.558,0.191,0.251,0.0003
0.558,0.192,0.25,0.0001
0.558,0.193,0.249,0.0003
0.558,0.195,0.247,0.0004
0.558,0.196,0.246,0.0005
0.558,0.197,0.245,0.0002
0.558,0.198,0.244,0.0005
0.558,0.199,0.243,0.0007
0.558,0.2,0.242,0.0005
0.558,0.201,0.241,0.0005
0.558,0.202,0.24,0.0004
0.558,0.203,0.239,0.0004
0.558,0.204,0.238,0.0002
0.558,0.205,0.237,0.0003
0.558,0.206,0.236,0.0004
0.558,0.207,0.235,0.0004
0.558,0.208,0.234,0.0003
0.558,0.209,0.233,0.0007
0.558,0.21,0.232,0.0003
0.558,0.211,0.231,0.0003
0.558,0.212,0.23,0.0003
0.558,0.213,0.229,0.0005
0.558,0.214,0.228,0.0001
0.558,0.215,0.227,0.0002
0.558,0.216,0.226,0.0005
0.558,0.217,0.225,0.0002
0.558,0.218,0.224,0.0004
0.558,0.219,0.223,0.0007
0.558,0.22,0.222,0.0004
0.558,0.221,0.221,0.0007
0.558,0.222,0.22,0.0004
0.558,0.224,0.218,0.0004
0.558,0.225,0.217,0.0001
0.558,0.226,0.216,0.0004
0.558,0.227,0.215,0.0001
0.558,0.228,0.214,0.0003
0.558,0.229,0.213,0.0003
0.558,0.23,0.212,0.0003
0.558,0.231,0.211,0.0003
0.558,0.232,0.21,0.0004
0.558,0.233,0.209,0.0003
0.558,0.234,0.208,0.0004
0.558,0.235,0.207,0.0002
0.558,0.236,0.206,0.0004
0.558,0.237,0.205,0.0003
0.558,0.238,0.204,0.0005
0.558,0.239,0.203,0.0001
0.558,0.24,0.202,0.0004
0.558,0.241,0.201,0.0002
0.558,0.242,0.2,0.0003
0.558,0.244,0.198,0.0004
0.558,0.245,0.197,0.0003
0.558,0.246,0.196,0.0003
0.558,0.247,0.195,0.0002
0.558,0.248,0.194,0.0003
0.558,0.249,0.193,0.0003
0.558,0.25,0.192,0.0003
0.558,0.251,0.191,0.0004
0.558,0.252,0.19,0.0002
0.558,0.253,0.189,0.0002
0.558,0.254,0.188,0.0002
0.558,0.255,0.187,0.0003
0.558,0.256,0.186,0.0002
0.558,0.257,0.185,0.0002
0.558,0.258,0.184,0.0002
0.558,0.259,0.183,0.0001
0.558,0.261,0.181,0.0001
0.558,0.262,0.18,0.0001
0.558,0.263,0.179,0.0001
0.558,0.264,0.178,0.0001
0.558,0.265,0.177,0.0001
0.558,0.266,0.176,0.0002
0.558,0.267,0.175,0.0002
0.558,0.268,0.174,0.0001
0.558,0.271,0.171,0.0003
0.558,0.273,0.169,0.0001
0.558,0.276,0.166,0.0001
0.558,0.277,0.165,0.0001
0.558,0.279,0.163,0.0002
0.558,0.287,0.155,0.0001
0.558,0.294,0.148,0.0001
0.558,0.295,0.147,0.0001
0.558,0.298,0.144,0.0001
0.559,0.133,0.308,0.0001
0.559,0.135,0.306,0.0001
0.559,0.142,0.299,0.0001
0.559,0.16,0.281,0.0001
0.559,0.161,0.28,0.0001
0.559,0.162,0.279,0.0002
0.559,0.163,0.278,0.0001
0.559,0.166,0.275,0.0003
0.559,0.167,0.274,0.0001
0.559,0.168,0.273,0.0003
0.559,0.17,0.271,0.0003
0.559,0.171,0.27,0.0001
0.559,0.172,0.269,0.0002
0.559,0.173,0.268,0.0002
0.559,0.174,0.267,0.0001
0.559,0.175,0.266,0.0004
0.559,0.176,0.265,0.0001
0.559,0.177,0.264,0.0002
0.559,0.178,0.263,0.0002
0.559,0.179,0.262,0.0001
0.559,0.181,0.26,0.0002
0.559,0.182,0.259,0.0001
0.559,0.183,0.258,0.0001
0.559,0.184,0.257,0.0004
0.559,0.185,0.256,0.0001
0.559,0.186,0.255,0.0002
0.559,0.187,0.254,0.0002
0.559,0.188,0.253,0.0005
0.559,0.189,0.252,0.0003
0.559,0.19,0.251,0.0002
0.559,0.191,0.25,0.0004
0.559,0.192,0.249,0.0002
0.559,0.193,0.248,0.0002
0.559,0.194,0.247,0.0004
0.559,0.195,0.246,0.0002
0.559,0.196,0.245,0.0002
0.559,0.197,0.244,0.0004
0.559,0.198,0.243,0.0001
0.559,0.199,0.242,0.0006
0.559,0.2,0.241,0.0002
0.559,0.201,0.24,0.0004
0.559,0.202,0.239,0.0004
0.559,0.203,0.238,0.0004
0.559,0.204,0.237,0.0006
0.559,0.205,0.236,0.0003
0.559,0.206,0.235,0.0002
0.559,0.207,0.234,0.0005
0.559,0.208,0.233,0.0002
0.559,0.209,0.232,0.0002
0.559,0.21,0.231,0.0001
0.559,0.211,0.23,0.0002
0.559,0.212,0.229,0.0001
0.559,0.213,0.228,0.0002
0.559,0.214,0.227,0.0001
0.559,0.215,0.226,0.0001
0.559,0.216,0.225,0.0002
0.559,0.217,0.224,0.0002
0.559,0.218,0.223,0.0005
0.559,0.219,0.222,0.0003
0.559,0.22,0.221,0.0002
0.559,0.221,0.22,0.0004
0.559,0.223,0.218,0.0001
0.559,0.224,0.217,0.0001
0.559,0.225,0.216,0.0001
0.559,0.226,0.215,0.0004
0.559,0.227,0.214,0.0004
0.559,0.228,0.213,0.0002
0.559,0.229,0.212,0.0003
0.559,0.23,0.211,0.0002
0.559,0.231,0.21,0.0003
0.559,0.232,0.209,0.0003
0.559,0.233,0.208,0.0003
0.559,0.234,0.207,0.0002
0.559,0.235,0.206,0.0001
0.559,0.236,0.205,0.0004
0.559,0.238,0.203,0.0002
0.559,0.239,0.202,0.0003
0.559,0.24,0.201,0.0004
0.559,0.241,0.2,0.0001
0.559,0.242,0.199,0.0002
0.559,0.243,0.198,0.0001
0.559,0.244,0.197,0.0004
0.559,0.245,0.196,0.0003
0.559,0.246,0.195,0.0001
0.559,0.247,0.194,0.0001
0.559,0.248,0.193,0.0002
0.559,0.25,0.191,0.0001
0.559,0.251,0.19,0.0005
0.559,0.252,0.189,0.0003
0.559,0.253,0.188,0.0002
0.559,0.254,0.187,0.0002
0.559,0.255,0.186,0.0001
0.559,0.257,0.184,0.0001
0.559,0.258,0.183,0.0003
0.559,0.259,0.182,0.0002
0.559,0.26,0.181,0.0003
0.559,0.261,0.18,0.0001
0.559,0.262,0.179,0.0001
0.559,0.264,0.177,0.0002
0.559,0.267,0.174,0.0001
0.559,0.269,0.172,0.0001
0.559,0.27,0.171,0.0001
0.559,0.279,0.162,0.0001
0.559,0.282,0.159,0.0002
0.559,0.288,0.153,0.0001
0.56,0.144,0.296,0.0001
0.56,0.15,0.29,0.0001
0.56,0.153,0.287,0.0001
0.56,0.156,0.284,0.0001
0.56,0.162,0.278,0.0001
0.56,0.167,0.273,0.0001
0.56,0.17,0.27,0.0001
0.56,0.171,0.269,0.0003
0.56,0.172,0.268,0.0001
0.56,0.176,0.264,0.0002
0.56,0.177,0.263,0.0002
0.56,0.178,0.262,0.0001
0.56,0.179,0.261,0.0001
0.56,0.181,0.259,0.0003
0.56,0.182,0.258,0.0001
0.56,0.183,0.257,0.0001
0.56,0.184,0.256,0.0002
0.56,0.185,0.255,0.0001
0.56,0.186,0.254,0.0001
0.56,0.187,0.253,0.0001
0.56,0.188,0.252,0.0001
0.56,0.189,0.251,0.0001
0.56,0.19,0.25,0.0002
0.56,0.191,0.249,0.0001
0.56,0.192,0.248,0.0002
0.56,0.193,0.247,0.0003
0.56,0.194,0.246,0.0002
0.56,0.195,0.245,0.0001
0.56,0.197,0.243,0.0002
0.56,0.198,0.242,0.0002
0.56,0.199,0.241,0.0001
0.56,0.2,0.24,0.0005
0.56,0.201,0.239,0.0004
0.56,0.202,0.238,0.0004
0.56,0.204,0.236,0.0003
0.56,0.205,0.235,0.0003
0.56,0.206,0.234,0.0002
0.56,0.207,0.233,0.0004
0.56,0.208,0.232,0.0003
0.56,0.209,0.231,0.0005
0.56,0.21,0.23,0.0003
0.56,0.211,0.229,0.0001
0.56,0.212,0.228,0.0004
0.56,0.213,0.227,0.0004
0.56,0.214,0.226,0.0003
0.56,0.215,0.225,0.0002
0.56,0.216,0.224,0.0003
0.56,0.217,0.223,0.0003
0.56,0.218,0.222,0.0003
0.56,0.219,0.221,0.0005
0.56,0.22,0.22,0.0001
0.56,0.221,0.219,0.0005
0.56,0.223,0.217,0.0001
0.56,0.224,0.216,0.0004
0.56,0.225,0.215,0.0003
0.56,0.226,0.214,0.0003
0.56,0.227,0.213,0.0005
0.56,0.228,0.212,0.0002
0.56,0.229,0.211,0.0001
0.56,0.23,0.21,0.0003
0.56,0.231,0.209,0.0002
0.56,0.232,0.208,0.0003
0.56,0.233,0.207,0.0001
0.56,0.234,0.206,0.0001
0.56,0.235,0.205,0.0002
0.56,0.236,0.204,0.0004
0.56,0.237,0.203,0.0001
0.56,0.238,0.202,0.0002
0.56,0.241,0.199,0.0003
0.56,0.244,0.196,0.0001
0.56,0.245,0.195,0.0001
0.56,0.246,0.194,0.0003
0.56,0.247,0.193,0.0001
0.56,0.248,0.192,0.0001
0.56,0.25,0.19,0.0008
0.56,0.251,0.189,0.0003
0.56,0.252,0.188,0.0001
0.56,0.253,0.187,0.0001
0.56,0.255,0.185,0.0002
0.56,0.256,0.184,0.0002
0.56,0.257,0.183,0.0001
0.56,0.258,0.182,0.0001
0.56,0.259,0.181,0.0001
0.56,0.26,0.18,0.0002
0.56,0.262,0.178,0.0002
0.56,0.263,0.177,0.0003
0.56,0.264,0.176,0.0001
0.56,0.265,0.175,0.0002
0.56,0.267,0.173,0.0001
0.56,0.269,0.171,0.0001
0.56,0.27,0.17,0.0002
0.56,0.271,0.169,0.0001
0.56,0.274,0.166,0.0001
0.56,0.281,0.159,0.0001
0.56,0.284,0.156,0.0001
0.56,0.286,0.154,0.0001
0.56,0.288,0.152,0.0001
0.56,0.294,0.146,0.0001
0.561,0.134,0.305,0.0001
0.561,0.143,0.296,0.0001
0.561,0.149,0.29,0.0001
0.561,0.151,0.288,0.0001
0.561,0.152,0.287,0.0001
0.561,0.155,0.284,0.0001
0.561,0.159,0.28,0.0002
0.561,0.161,0.278,0.0002
0.561,0.162,0.277,0.0001
0.561,0.164,0.275,0.0001
0.561,0.165,0.274,0.0002
0.561,0.167,0.272,0.0001
0.561,0.169,0.27,0.0001
0.561,0.17,0.269,0.0001
0.561,0.172,0.267,0.0002
0.561,0.174,0.265,0.0001
0.561,0.175,0.264,0.0001
0.561,0.177,0.262,0.0002
0.561,0.178,0.261,0.0002
0.561,0.181,0.258,0.0001
0.561,0.182,0.257,0.0002
0.561,0.183,0.256,0.0003
0.561,0.184,0.255,0.0003
0.561,0.185,0.254,0.0003
0.561,0.186,0.253,0.0001
0.561,0.187,0.252,0.0003
0.561,0.188,0.251,0.0003
0.561,0.189,0.25,0.0003
0.561,0.19,0.249,0.0002
0.561,0.191,0.248,0.0005
0.561,0.192,0.247,0.0001
0.561,0.193,0.246,0.0004
0.561,0.195,0.244,0.0004
0.561,0.196,0.243,0.0004
0.561,0.197,0.242,0.0005
0.561,0.198,0.241,0.0002
0.561,0.199,0.24,0.0004
0.561,0.2,0.239,0.0001
0.561,0.203,0.236,0.0003
0.561,0.204,0.235,0.0001
0.561,0.205,0.234,0.0004
0.561,0.206,0.233,0.0001
0.561,0.207,0.232,0.0002
0.561,0.208,0.231,0.0001
0.561,0.209,0.23,0.0005
0.561,0.21,0.229,0.0002
0.561,0.211,0.228,0.0004
0.561,0.213,0.226,0.0002
0.561,0.214,0.225,0.0002
0.561,0.215,0.224,0.0002
0.561,0.216,0.223,0.0001
0.561,0.217,0.222,0.0001
0.561,0.218,0.221,0.0001
0.561,0.219,0.22,0.0002
0.561,0.22,0.219,0.0003
0.561,0.221,0.218,0.0003
0.561,0.222,0.217,0.0001
0.561,0.223,0.216,0.0002
0.561,0.224,0.215,0.0002
0.561,0.225,0.214,0.0001
0.561,0.226,0.213,0.0005
0.561,0.227,0.212,0.0001
0.561,0.228,0.211,0.0001
0.561,0.229,0.21,0.0003
0.561,0.23,0.209,0.0002
0.561,0.231,0.208,0.0001
0.561,0.232,0.207,0.0003
0.561,0.233,0.206,0.0003
0.561,0.234,0.205,0.0003
0.561,0.235,0.204,0.0001
0.561,0.237,0.202,0.0002
0.561,0.238,0.201,0.0004
0.561,0.24,0.199,0.0003
0.561,0.242,0.197,0.0002
0.561,0.243,0.196,0.0002
0.561,0.244,0.195,0.0001
0.561,0.245,0.194,0.0001
0.561,0.246,0.193,0.0001
0.561,0.247,0.192,0.0002
0.561,0.248,0.191,0.0001
0.561,0.249,0.19,0.0003
0.561,0.25,0.189,0.0001
0.561,0.251,0.188,0.0001
0.561,0.252,0.187,0.0002
0.561,0.253,0.186,0.0004
0.561,0.255,0.184,0.0004
0.561,0.256,0.183,0.0002
0.561,0.257,0.182,0.0001
0.561,0.258,0.181,0.0003
0.561,0.259,0.18,0.0001
0.561,0.26,0.179,0.0005
0.561,0.262,0.177,0.0001
0.561,0.264,0.175,0.0004
0.561,0.265,0.174,0.0001
0.561,0.27,0.169,0.0002
0.561,0.274,0.165,0.0001
0.561,0.275,0.164,0.0001
0.561,0.276,0.163,0.0001
0.561,0.28,0.159,0.0001
0.561,0.283,0.156,0.0001
0.561,0.286,0.153,0.0002
0.562,0.129,0.309,0.0001
0.562,0.145,0.293,0.0001
0.562,0.159,0.279,0.0002
0.562,0.162,0.276,0.0001
0.562,0.163,0.275,0.0003
0.562,0.164,0.274,0.0001
0.562,0.165,0.273,0.0001
0.562,0.166,0.272,0.0001
0.562,0.167,0.271,0.0001
0.562,0.168,0.27,0.0001
0.562,0.169,0.269,0.0001
0.562,0.171,0.267,0.0002
0.562,0.173,0.265,0.0001
0.562,0.176,0.262,0.0002
0.562,0.177,0.261,0.0002
0.562,0.179,0.259,0.0002
0.562,0.181,0.257,0.0001
0.562,0.182,0.256,0.0001
0.562,0.184,0.254,0.0002
0.562,0.185,0.253,0.0003
0.562,0.186,0.252,0.0003
0.562,0.187,0.251,0.0002
0.562,0.188,0.25,0.0001
0.562,0.189,0.249,0.0002
0.562,0.19,0.248,0.0002
0.562,0.191,0.247,0.0003
0.562,0.192,0.246,0.0004
0.562,0.193,0.245,0.0001
0.562,0.194,0.244,0.0002
0.562,0.196,0.242,0.0001
0.562,0.197,0.241,0.0004
0.562,0.198,0.24,0.0002
0.562,0.199,0.239,0.0002
0.562,0.2,0.238,0.0001
0.562,0.201,0.237,0.0002
0.562,0.202,0.236,0.0002
0.562,0.203,0.235,0.0008
0.562,0.204,0.234,0.0003
0.562,0.205,0.233,0.0003
0.562,0.206,0.232,0.0001
0.562,0.207,0.231,0.0002
0.562,0.208,0.23,0.0003
0.562,0.209,0.229,0.0001
0.562,0.21,0.228,0.0003
0.562,0.211,0.227,0.0001
0.562,0.212,0.226,0.0002
0.562,0.213,0.225,0.0001
0.562,0.214,0.224,0.0006
0.562,0.215,0.223,0.0002
0.562,0.216,0.222,0.0002
0.562,0.217,0.221,0.0002
0.562,0.219,0.219,0.0003
0.562,0.22,0.218,0.0001
0.562,0.221,0.217,0.0003
0.562,0.222,0.216,0.0005
0.562,0.224,0.214,0.0002
0.562,0.225,0.213,0.0004
0.562,0.226,0.212,0.0002
0.562,0.227,0.211,0.0001
0.562,0.228,0.21,0.0003
0.562,0.23,0.208,0.0001
0.562,0.231,0.207,0.0003
0.562,0.232,0.206,0.0001
0.562,0.235,0.203,0.0001
0.562,0.236,0.202,0.0002
0.562,0.237,0.201,0.0003
0.562,0.238,0.2,0.0003
0.562,0.24,0.198,0.0002
0.562,0.241,0.197,0.0003
0.562,0.243,0.195,0.0003
0.562,0.244,0.194,0.0001
0.562,0.246,0.192,0.0002
0.562,0.247,0.191,0.0001
0.562,0.248,0.19,0.0003
0.562,0.249,0.189,0.0001
0.562,0.25,0.188,0.0001
0.562,0.252,0.186,0.0001
0.562,0.253,0.185,0.0002
0.562,0.254,0.184,0.0001
0.562,0.255,0.183,0.0001
0.562,0.256,0.182,0.0001
0.562,0.258,0.18,0.0001
0.562,0.26,0.178,0.0002
0.562,0.261,0.177,0.0001
0.562,0.266,0.172,0.0001
0.562,0.27,0.168,0.0001
0.562,0.273,0.165,0.0001
0.562,0.277,0.161,0.0001
0.562,0.293,0.145,0.0001
0.563,0.146,0.291,0.0001
0.563,0.155,0.282,0.0001
0.563,0.156,0.281,0.0001
0.563,0.166,0.271,0.0001
0.563,0.167,0.27,0.0001
0.563,0.168,0.269,0.0001
0.563,0.17,0.267,0.0001
0.563,0.171,0.266,0.0001
0.563,0.175,0.262,0.0001
0.563,0.177,0.26,0.0003
0.563,0.181,0.256,0.0002
0.563,0.185,0.252,0.0002
0.563,0.187,0.25,0.0001
0.563,0.189,0.248,0.0004
0.563,0.191,0.246,0.0004
0.563,0.193,0.244,0.0001
0.563,0.195,0.242,0.0002
0.563,0.197,0.24,0.0002
0.563,0.199,0.238,0.0002
0.563,0.201,0.236,0.0003
0.563,0.234,0.203,0.0004
0.563,0.235,0.202,0.0003
0.563,0.236,0.201,0.0002
0.563,0.237,0.2,0.0001
0.563,0.238,0.199,0.0002
0.563,0.24,0.197,0.0004
0.563,0.242,0.195,0.0001
0.563,0.243,0.194,0.0003
0.563,0.244,0.193,0.0001
0.563,0.247,0.19,0.0002
0.563,0.248,0.189,0.0001
0.563,0.25,0.187,0.0001
0.563,0.251,0.186,0.0002
0.563,0.253,0.184,0.0003
0.563,0.254,0.183,0.0001
0.563,0.257,0.18,0.0001
0.563,0.258,0.179,0.0002
0.563,0.259,0.178,0.0002
0.563,0.26,0.177,0.0001
0.563,0.263,0.174,0.0001
0.563,0.264,0.173,0.0001
0.563,0.266,0.171,0.0001
0.563,0.274,0.163,0.0001
0.563,0.277,0.16,0.0002
0.563,0.282,0.155,0.0001
0.563,0.286,0.151,0.0001
0.563,0.292,0.145,0.0001
0.564,0.132,0.304,0.0001
0.564,0.148,0.288,0.0001
0.564,0.151,0.285,0.0001
0.564,0.152,0.284,0.0001
0.564,0.158,0.278,0.0001
0.564,0.159,0.277,0.0002
0.564,0.16,0.276,0.0002
0.564,0.161,0.275,0.0001
0.564,0.162,0.274,0.0001
0.564,0.163,0.273,0.0002
0.564,0.166,0.27,0.0001
0.564,0.167,0.269,0.0001
0.564,0.169,0.267,0.0001
0.564,0.17,0.266,0.0001
0.564,0.174,0.262,0.0002
0.564,0.18,0.256,0.0002
0.564,0.182,0.254,0.0001
0.564,0.186,0.25,0.0002
0.564,0.192,0.244,0.0003
0.564,0.194,0.242,0.0002
0.564,0.196,0.24,0.0002
0.564,0.198,0.238,0.0001
0.564,0.2,0.236,0.0003
0.564,0.202,0.234,0.0003
0.564,0.233,0.203,0.0003
0.564,0.236,0.2,0.0001
0.564,0.237,0.199,0.0001
0.564,0.239,0.197,0.0002
0.564,0.24,0.196,0.0002
0.564,0.241,0.195,0.0002
0.564,0.242,0.194,0.0001
0.564,0.244,0.192,0.0002
0.564,0.247,0.189,0.0001
0.564,0.248,0.188,0.0002
0.564,0.252,0.184,0.0003
0.564,0.255,0.181,0.0002
0.564,0.257,0.179,0.0001
0.564,0.261,0.175,0.0001
0.564,0.264,0.172,0.0002
0.564,0.267,0.169,0.0001
0.565,0.119,0.316,0.0001
0.565,0.143,0.292,0.0001
0.565,0.149,0.286,0.0001
0.565,0.15,0.285,0.0002
0.565,0.152,0.283,0.0001
0.565,0.156,0.279,0.0001
0.565,0.159,0.276,0.0001
0.565,0.165,0.27,0.0001
0.565,0.166,0.269,0.0001
0.565,0.168,0.267,0.0001
0.565,0.173,0.262,0.0002
0.565,0.181,0.254,0.0001
0.565,0.183,0.252,0.0001
0.565,0.185,0.25,0.0001
0.565,0.187,0.248,0.0001
0.565,0.189,0.246,0.0002
0.565,0.193,0.242,0.0002
0.565,0.197,0.238,0.0001
0.565,0.199,0.236,0.0002
0.565,0.201,0.234,0.0002
0.565,0.203,0.232,0.0002
0.565,0.234,0.201,0.0001
0.565,0.237,0.198,0.0001
0.565,0.239,0.196,0.0004
0.565,0.241,0.194,0.0001
0.565,0.242,0.193,0.0001
0.565,0.247,0.188,0.0001
0.565,0.248,0.187,0.0002
0.565,0.25,0.185,0.0001
0.565,0.251,0.184,0.0002
0.565,0.252,0.183,0.0002
0.565,0.253,0.182,0.0002
0.565,0.254,0.181,0.0001
0.565,0.255,0.18,0.0002
0.565,0.257,0.178,0.0003
0.565,0.258,0.177,0.0001
0.565,0.259,0.176,0.0002
0.565,0.26,0.175,0.0001
0.565,0.262,0.173,0.0001
0.565,0.263,0.172,0.0001
0.565,0.266,0.169,0.0001
0.565,0.273,0.162,0.0001
0.565,0.274,0.161,0.0001
0.565,0.298,0.137,0.0001
0.566,0.129,0.305,0.0001
0.566,0.149,0.285,0.0001
0.566,0.157,0.277,0.0001
0.566,0.159,0.275,0.0001
0.566,0.169,0.265,0.0001
0.566,0.17,0.264,0.0002
0.566,0.172,0.262,0.0001
0.566,0.174,0.26,0.0001
0.566,0.182,0.252,0.0001
0.566,0.184,0.25,0.0001
0.566,0.186,0.248,0.0001
0.566,0.19,0.244,0.0002
0.566,0.192,0.242,0.0001
0.566,0.198,0.236,0.0001
0.566,0.2,0.234,0.0005
0.566,0.202,0.232,0.0003
0.566,0.231,0.203,0.0001
0.566,0.232,0.202,0.0001
0.566,0.235,0.199,0.0001
0.566,0.236,0.198,0.0001
0.566,0.238,0.196,0.0001
0.566,0.241,0.193,0.0002
0.566,0.242,0.192,0.0002
0.566,0.243,0.191,0.0002
0.566,0.244,0.19,0.0004
0.566,0.245,0.189,0.0001
0.566,0.248,0.186,0.0002
0.566,0.251,0.183,0.0001
0.566,0.252,0.182,0.0001
0.566,0.253,0.181,0.0001
0.566,0.257,0.177,0.0001
0.566,0.258,0.176,0.0002
0.566,0.265,0.169,0.0001
0.566,0.266,0.168,0.0001
0.566,0.277,0.157,0.0001
0.567,0.131,0.302,0.0001
0.567,0.158,0.275,0.0002
0.567,0.164,0.269,0.0001
0.567,0.166,0.267,0.0001
0.567,0.169,0.264,0.0002
0.567,0.17,0.263,0.0001
0.567,0.173,0.26,0.0001
0.567,0.175,0.258,0.0001
0.567,0.177,0.256,0.0002
0.567,0.179,0.254,0.0001
0.567,0.183,0.25,0.0002
0.567,0.187,0.246,0.0002
0.567,0.189,0.244,0.0001
0.567,0.193,0.24,0.0004
0.567,0.199,0.234,0.0001
0.567,0.201,0.232,0.0001
0.567,0.203,0.23,0.0003
0.567,0.23,0.203,0.0001
0.567,0.231,0.202,0.0002
0.567,0.232,0.201,0.0001
0.567,0.234,0.199,0.0003
0.567,0.238,0.195,0.0002
0.567,0.24,0.193,0.0002
0.567,0.241,0.192,0.0002
0.567,0.242,0.191,0.0001
0.567,0.243,0.19,0.0002
0.567,0.248,0.185,0.0002
0.567,0.249,0.184,0.0002
0.567,0.251,0.182,0.0001
0.567,0.252,0.181,0.0001
0.567,0.253,0.18,0.0001
0.567,0.254,0.179,0.0001
0.567,0.255,0.178,0.0001
0.567,0.257,0.176,0.0001
0.567,0.259,0.174,0.0002
0.567,0.261,0.172,0.0001
0.567,0.263,0.17,0.0001
0.567,0.265,0.168,0.0001
0.567,0.277,0.156,0.0001
0.567,0.282,0.151,0.0001
0.568,0.149,0.283,0.0002
0.568,0.152,0.28,0.0001
0.568,0.154,0.278,0.0001
0.568,0.158,0.274,0.0001
0.568,0.161,0.271,0.0001
0.568,0.169,0.263,0.0001
0.568,0.171,0.261,0.0001
0.568,0.176,0.256,0.0001
0.568,0.178,0.254,0.0001
0.568,0.18,0.252,0.0001
0.568,0.184,0.248,0.0001
0.568,0.186,0.246,0.0001
0.568,0.188,0.244,0.0001
0.568,0.196,0.236,0.0002
0.568,0.229,0.203,0.0001
0.568,0.23,0.202,0.0001
0.568,0.232,0.2,0.0002
0.568,0.233,0.199,0.0002
0.568,0.235,0.197,0.0001
0.568,0.237,0.195,0.0002
0.568,0.238,0.194,0.0001
0.568,0.24,0.192,0.0001
0.568,0.245,0.187,0.0001
0.568,0.248,0.184,0.0001
0.568,0.252,0.18,0.0001
0.568,0.254,0.178,0.0001
0.568,0.258,0.174,0.0001
0.568,0.263,0.169,0.0001
0.568,0.279,0.153,0.0001
0.569,0.132,0.299,0.0001
0.569,0.137,0.294,0.0001
0.569,0.142,0.289,0.0001
0.569,0.153,0.278,0.0001
0.569,0.163,0.268,0.0001
0.569,0.173,0.258,0.0001
0.569,0.175,0.256,0.0001
0.569,0.177,0.254,0.0001
0.569,0.189,0.242,0.0002
0.569,0.191,0.24,0.0002
0.569,0.193,0.238,0.0002
0.569,0.203,0.228,0.0002
0.569,0.229,0.202,0.0001
0.569,0.234,0.197,0.0002
0.569,0.235,0.196,0.0001
0.569,0.236,0.195,0.0002
0.569,0.237,0.194,0.0001
0.569,0.238,0.193,0.0001
0.569,0.241,0.19,0.0001
0.569,0.244,0.187,0.0001
0.569,0.246,0.185,0.0001
0.569,0.249,0.182,0.0001
0.569,0.252,0.179,0.0001
0.569,0.253,0.178,0.0001
0.569,0.255,0.176,0.0001
0.569,0.258,0.173,0.0001
0.569,0.259,0.172,0.0001
0.569,0.265,0.166,0.0001
0.569,0.273,0.158,0.0001
0.569,0.277,0.154,0.0001
0.569,0.28,0.151,0.0001
0.57,0.148,0.282,0.0001
0.57,0.158,0.272,0.0001
0.57,0.17,0.26,0.0002
0.57,0.172,0.258,0.0001
0.57,0.184,0.246,0.0001
0.57,0.186,0.244,0.0001
0.57,0.198,0.232,0.0001
0.57,0.202,0.228,0.0001
0.57,0.231,0.199,0.0001
0.57,0.236,0.194,0.0001
0.57,0.238,0.192,0.0003
0.57,0.239,0.191,0.0001
0.57,0.241,0.189,0.0001
0.57,0.247,0.183,0.0001
0.57,0.251,0.179,0.0001
0.57,0.254,0.176,0.0001
0.57,0.258,0.172,0.0001
0.57,0.26,0.17,0.0001
0.57,0.262,0.168,0.0001
0.57,0.273,0.157,0.0001
0.571,0.156,0.273,0.0001
0.571,0.158,0.271,0.0001
0.571,0.162,0.267,0.0001
0.571,0.163,0.266,0.0001
0.571,0.168,0.261,0.0001
0.571,0.173,0.256,0.0001
0.571,0.175,0.254,0.0002
0.571,0.199,0.23,0.0001
0.571,0.201,0.228,0.0002
0.571,0.227,0.202,0.0002
0.571,0.234,0.195,0.0001
0.571,0.25,0.179,0.0001
0.571,0.251,0.178,0.0001
0.571,0.252,0.177,0.0001
0.571,0.257,0.172,0.0001
0.572,0.156,0.272,0.0001
0.572,0.165,0.263,0.0001
0.572,0.182,0.246,0.0001
0.572,0.188,0.24,0.0001
0.572,0.19,0.238,0.0001
0.572,0.196,0.232,0.0001
0.572,0.227,0.201,0.0001
0.572,0.228,0.2,0.0002
0.572,0.231,0.197,0.0002
0.572,0.233,0.195,0.0001
0.572,0.236,0.192,0.0001
0.572,0.24,0.188,0.0001
0.572,0.251,0.177,0.0001
0.572,0.255,0.173,0.0001
0.573,0.15,0.277,0.0001
0.573,0.157,0.27,0.0001
0.573,0.163,0.264,0.0001
0.573,0.17,0.257,0.0001
0.573,0.197,0.23,0.0001
0.573,0.199,0.228,0.0001
0.573,0.201,0.226,0.0001
0.573,0.226,0.201,0.0001
0.573,0.234,0.193,0.0001
0.573,0.235,0.192,0.0001
0.573,0.236,0.191,0.0001
0.573,0.237,0.19,0.0001
0.573,0.241,0.186,0.0001
0.573,0.243,0.184,0.0001
0.573,0.258,0.169,0.0001
0.573,0.264,0.163,0.0001
0.574,0.148,0.278,0.0001
0.574,0.16,0.266,0.0001
0.574,0.162,0.264,0.0001
0.574,0.171,0.255,0.0001
0.574,0.174,0.252,0.0001
0.574,0.184,0.242,0.0001
0.574,0.198,0.228,0.0001
0.574,0.202,0.224,0.0002
0.574,0.223,0.203,0.0002
0.574,0.224,0.202,0.0001
0.574,0.225,0.201,0.0001
0.574,0.234,0.192,0.0001
0.574,0.25,0.176,0.0001
0.574,0.252,0.174,0.0001
0.574,0.256,0.17,0.0001
0.575,0.151,0.274,0.0001
0.575,0.17,0.255,0.0001
0.575,0.181,0.244,0.0001
0.575,0.187,0.238,0.0001
0.575,0.191,0.234,0.0001
0.575,0.232,0.193,0.0001
0.575,0.235,0.19,0.0001
0.575,0.252,0.173,0.0001
0.575,0.267,0.158,0.0001
0.576,0.123,0.301,0.0001
0.576,0.136,0.288,0.0001
0.576,0.159,0.265,0.0001
0.576,0.16,0.264,0.0001
0.576,0.178,0.246,0.0002
0.576,0.192,0.232,0.0001
0.576,0.227,0.197,0.0001
0.576,0.23,0.194,0.0001
0.576,0.24,0.184,0.0001
0.577,0.16,0.263,0.0001
0.577,0.183,0.24,0.0001
0.577,0.228,0.195,0.0001
0.577,0.241,0.182,0.0001
0.577,0.256,0.167,0.0001
0.578,0.129,0.293,0.0001
0.578,0.148,0.274,0.0001
0.578,0.156,0.266,0.0001
0.578,0.18,0.242,0.0001
0.578,0.188,0.234,0.0001
0.578,0.192,0.23,0.0001
0.578,0.222,0.2,0.0001
0.578,0.228,0.194,0.0001
0.579,0.183,0.238,0.0001
0.579,0.203,0.218,0.0001
0.579,0.244,0.177,0.0001
0.58,0.169,0.251,0.0001
0.58,0.17,0.25,0.0001
0.58,0.194,0.226,0.0001
0.58,0.224,0.196,0.0001
0.58,0.226,0.194,0.0001
0.581,0.249,0.17,0.0001
0.581,0.268,0.151,0.0001
0.583,0.215,0.202,0.0001
0.584,0.223,0.193,0.0001
0.584,0.23,0.186,0.0001
0.586,0.228,0.186,0.0001
0.587,0.175,0.238,0.0001
0.591,0.138,0.271,0.0001
