206.99999999999997,81.0,112.00000000000001,0.001893939393939394
206.99999999999997,82.0,111.00000000000001,0.001893939393939394
206.99999999999997,84.0,109.00000000000001,0.001893939393939394
206.99999999999997,85.0,108.0,0.001893939393939394
206.99999999999997,90.0,103.0,0.001893939393939394
208.0,69.0,123.0,0.001893939393939394
208.0,70.0,122.0,0.001893939393939394
208.0,78.0,113.99999999999999,0.001893939393939394
208.0,81.0,111.00000000000001,0.001893939393939394
208.0,84.0,108.0,0.003787878787878788
208.0,85.0,107.0,0.001893939393939394
208.0,89.0,103.0,0.001893939393939394
208.0,90.0,102.0,0.003787878787878788
208.0,93.0,99.0,0.001893939393939394
208.0,94.0,98.0,0.001893939393939394
209.0,69.0,122.0,0.001893939393939394
209.0,73.0,118.0,0.001893939393939394
209.0,74.0,117.0,0.001893939393939394
209.0,75.0,115.99999999999999,0.005681818181818182
209.0,76.0,114.99999999999999,0.005681818181818182
209.0,77.0,113.99999999999999,0.003787878787878788
209.0,78.0,112.99999999999999,0.003787878787878788
209.0,79.0,112.00000000000001,0.001893939393939394
209.0,80.0,111.00000000000001,0.001893939393939394
209.0,82.0,109.00000000000001,0.003787878787878788
209.0,83.0,108.0,0.001893939393939394
209.0,84.0,107.0,0.007575757575757576
209.0,85.0,106.0,0.00946969696969697
209.0,86.0,105.0,0.001893939393939394
209.0,88.0,103.0,0.001893939393939394
209.0,89.0,102.0,0.001893939393939394
209.0,90.0,101.0,0.003787878787878788
209.0,91.0,100.0,0.001893939393939394
209.0,92.0,99.0,0.001893939393939394
209.0,93.0,98.0,0.005681818181818182
209.0,94.0,97.0,0.001893939393939394
209.0,95.0,96.0,0.001893939393939394
209.0,97.0,94.0,0.001893939393939394
209.0,98.0,93.0,0.001893939393939394
209.0,99.0,92.0,0.001893939393939394
210.0,68.0,122.0,0.003787878787878788
210.0,71.0,119.0,0.003787878787878788
210.0,72.0,118.0,0.011363636363636364
210.0,73.0,117.0,0.001893939393939394
210.0,74.0,115.99999999999999,0.003787878787878788
210.0,75.0,114.99999999999999,0.011363636363636364
210.0,76.0,113.99999999999999,0.013257575757575758
210.0,77.0,112.99999999999999,0.011363636363636364
210.0,78.0,112.00000000000001,0.00946969696969697
210.0,79.0,111.00000000000001,0.00946969696969697
210.0,80.0,110.00000000000001,0.007575757575757576
210.0,81.0,109.00000000000001,0.00946969696969697
210.0,82.0,108.0,0.00946969696969697
210.0,83.0,107.0,0.00946969696969697
210.0,84.0,106.0,0.01893939393939394
210.0,85.0,105.0,0.005681818181818182
210.0,86.0,104.0,0.007575757575757576
210.0,87.0,103.0,0.003787878787878788
210.0,88.0,102.0,0.007575757575757576
210.0,89.0,101.0,0.003787878787878788
210.0,90.0,100.0,0.001893939393939394
210.0,91.0,99.0,0.005681818181818182
210.0,92.0,98.0,0.003787878787878788
210.0,93.0,97.0,0.007575757575757576
210.0,94.0,96.0,0.00946969696969697
210.0,95.0,95.0,0.001893939393939394
210.0,96.0,94.0,0.003787878787878788
210.0,97.0,93.0,0.003787878787878788
210.0,98.0,92.0,0.001893939393939394
211.0,67.0,122.0,0.00946969696969697
211.0,68.0,121.0,0.005681818181818182
211.0,69.0,120.0,0.007575757575757576
211.0,70.0,119.0,0.011363636363636364
211.0,71.0,118.0,0.026515151515151516
211.0,72.0,117.0,0.015151515151515152
211.0,73.0,115.99999999999999,0.015151515151515152
211.0,74.0,114.99999999999999,0.017045454545454544
211.0,75.0,113.99999999999999,0.026515151515151516
211.0,76.0,112.99999999999999,0.020833333333333332
211.0,77.0,112.00000000000001,0.015151515151515152
211.0,78.0,111.00000000000001,0.020833333333333332
211.0,79.0,110.00000000000001,0.015151515151515152
211.0,80.0,109.00000000000001,0.013257575757575758
211.0,81.0,108.0,0.022727272727272728
211.0,82.0,107.0,0.030303030303030304
211.0,83.0,106.0,0.02462121212121212
211.0,84.0,105.0,0.026515151515151516
211.0,85.0,104.0,0.01893939393939394
211.0,86.0,103.0,0.015151515151515152
211.0,87.0,102.0,0.013257575757575758
211.0,88.0,101.0,0.022727272727272728
211.0,89.0,100.0,0.011363636363636364
211.0,90.0,99.0,0.015151515151515152
211.0,91.0,98.0,0.017045454545454544
211.0,92.0,97.0,0.013257575757575758
211.0,93.0,96.0,0.013257575757575758
211.0,94.0,95.0,0.00946969696969697
211.0,95.0,94.0,0.001893939393939394
211.0,96.0,93.0,0.005681818181818182
211.0,98.0,91.0,0.001893939393939394
212.0,63.0,125.0,0.001893939393939394
212.0,64.0,124.0,0.001893939393939394
212.0,66.0,122.0,0.003787878787878788
212.0,67.0,121.0,0.00946969696969697
212.0,68.0,120.0,0.007575757575757576
212.0,69.0,119.0,0.01893939393939394
212.0,70.0,118.0,0.020833333333333332
212.0,71.0,117.0,0.026515151515151516
212.0,72.0,115.99999999999999,0.022727272727272728
212.0,73.0,114.99999999999999,0.03409090909090909
212.0,74.0,113.99999999999999,0.04924242424242424
212.0,75.0,112.99999999999999,0.06060606060606061
212.0,76.0,112.00000000000001,0.043560606060606064
212.0,77.0,111.00000000000001,0.03977272727272727
212.0,78.0,110.00000000000001,0.03409090909090909
212.0,79.0,109.00000000000001,0.03409090909090909
212.0,80.0,108.0,0.03598484848484849
212.0,81.0,107.0,0.054924242424242424
212.0,82.0,106.0,0.043560606060606064
212.0,83.0,105.0,0.05113636363636364
212.0,84.0,104.0,0.041666666666666664
212.0,85.0,103.0,0.028409090909090908
212.0,86.0,102.0,0.03598484848484849
212.0,87.0,101.0,0.03598484848484849
212.0,88.0,100.0,0.03977272727272727
212.0,89.0,99.0,0.041666666666666664
212.0,90.0,98.0,0.03787878787878788
212.0,91.0,97.0,0.022727272727272728
212.0,92.0,96.0,0.028409090909090908
212.0,93.0,95.0,0.022727272727272728
212.0,94.0,94.0,0.00946969696969697
212.0,95.0,93.0,0.003787878787878788
212.0,96.0,92.0,0.001893939393939394
212.0,97.0,91.0,0.005681818181818182
212.0,98.0,90.0,0.005681818181818182
213.0,59.0,128.0,0.001893939393939394
213.0,60.0,127.0,0.001893939393939394
213.0,63.0,124.0,0.001893939393939394
213.0,64.0,123.0,0.003787878787878788
213.0,65.0,122.0,0.005681818181818182
213.0,66.0,121.0,0.013257575757575758
213.0,67.0,120.0,0.020833333333333332
213.0,68.0,119.0,0.020833333333333332
213.0,69.0,118.0,0.030303030303030304
213.0,70.0,117.0,0.03598484848484849
213.0,71.0,115.99999999999999,0.03977272727272727
213.0,72.0,114.99999999999999,0.04924242424242424
213.0,73.0,113.99999999999999,0.07575757575757576
213.0,74.0,112.99999999999999,0.11174242424242424
213.0,75.0,112.00000000000001,0.08522727272727272
213.0,76.0,111.00000000000001,0.06439393939393939
213.0,77.0,110.00000000000001,0.07386363636363637
213.0,78.0,109.00000000000001,0.08712121212121213
213.0,79.0,108.0,0.10606060606060606
213.0,80.0,107.0,0.07954545454545454
213.0,81.0,106.0,0.07954545454545454
213.0,82.0,105.0,0.09659090909090909
213.0,83.0,104.0,0.08712121212121213
213.0,84.0,103.0,0.08143939393939394
213.0,85.0,102.0,0.10795454545454546
213.0,86.0,101.0,0.0946969696969697
213.0,87.0,100.0,0.08522727272727272
213.0,88.0,99.0,0.07007575757575757
213.0,89.0,98.0,0.07007575757575757
213.0,90.0,97.0,0.06439393939393939
213.0,91.0,96.0,0.0625
213.0,92.0,95.0,0.06628787878787878
213.0,93.0,94.0,0.03598484848484849
213.0,94.0,93.0,0.01893939393939394
213.0,95.0,92.0,0.011363636363636364
213.0,96.0,91.0,0.00946969696969697
213.0,97.0,90.0,0.020833333333333332
213.0,98.0,89.0,0.00946969696969697
213.0,99.0,88.0,0.007575757575757576
213.0,100.0,87.0,0.001893939393939394
213.0,101.0,86.0,0.001893939393939394
214.0,59.0,127.0,0.001893939393939394
214.0,61.0,125.0,0.003787878787878788
214.0,62.0,124.0,0.001893939393939394
214.0,63.0,123.0,0.005681818181818182
214.0,64.0,122.0,0.003787878787878788
214.0,65.0,121.0,0.020833333333333332
214.0,66.0,120.0,0.043560606060606064
214.0,67.0,119.0,0.06060606060606061
214.0,68.0,118.0,0.0625
214.0,69.0,117.0,0.07386363636363637
214.0,70.0,115.99999999999999,0.08712121212121213
214.0,71.0,114.99999999999999,0.10795454545454546
214.0,72.0,113.99999999999999,0.13636363636363635
214.0,73.0,112.99999999999999,0.1893939393939394
214.0,74.0,112.00000000000001,0.17234848484848486
214.0,75.0,111.00000000000001,0.16856060606060605
214.0,76.0,110.00000000000001,0.17424242424242425
214.0,77.0,109.00000000000001,0.17992424242424243
214.0,78.0,108.0,0.16477272727272727
214.0,79.0,107.0,0.16477272727272727
214.0,80.0,106.0,0.13446969696969696
214.0,81.0,105.0,0.1590909090909091
214.0,82.0,104.0,0.16666666666666666
214.0,83.0,103.0,0.16856060606060605
214.0,84.0,102.0,0.17613636363636365
214.0,85.0,101.0,0.17234848484848486
214.0,86.0,100.0,0.17045454545454544
214.0,87.0,99.0,0.16856060606060605
214.0,88.0,98.0,0.1534090909090909
214.0,89.0,97.0,0.1553030303030303
214.0,90.0,96.0,0.13257575757575757
214.0,91.0,95.0,0.11553030303030302
214.0,92.0,94.0,0.09090909090909091
214.0,93.0,93.0,0.05303030303030303
214.0,94.0,92.0,0.04734848484848485
214.0,95.0,91.0,0.03598484848484849
214.0,96.0,90.0,0.03787878787878788
214.0,97.0,89.0,0.017045454545454544
214.0,98.0,88.0,0.011363636363636364
214.0,99.0,87.0,0.005681818181818182
214.0,100.0,86.0,0.003787878787878788
214.0,101.0,85.0,0.001893939393939394
215.0,57.99999999999999,127.0,0.001893939393939394
215.0,59.0,126.0,0.001893939393939394
215.0,60.0,125.0,0.003787878787878788
215.0,61.0,124.0,0.00946969696969697
215.0,62.0,123.0,0.007575757575757576
215.0,63.0,122.0,0.013257575757575758
215.0,64.0,121.0,0.011363636363636364
215.0,65.0,120.0,0.045454545454545456
215.0,66.0,119.0,0.058712121212121215
215.0,67.0,118.0,0.0928030303030303
215.0,68.0,117.0,0.12121212121212122
215.0,69.0,115.99999999999999,0.16477272727272727
215.0,70.0,114.99999999999999,0.19696969696969696
215.0,71.0,113.99999999999999,0.19318181818181818
215.0,72.0,112.99999999999999,0.2708333333333333
215.0,73.0,112.00000000000001,0.2727272727272727
215.0,74.0,111.00000000000001,0.26704545454545453
215.0,75.0,110.00000000000001,0.2840909090909091
215.0,76.0,109.00000000000001,0.2689393939393939
215.0,77.0,108.0,0.2916666666666667
215.0,78.0,107.0,0.2537878787878788
215.0,79.0,106.0,0.2689393939393939
215.0,80.0,105.0,0.23106060606060605
215.0,81.0,104.0,0.2518939393939394
215.0,82.0,103.0,0.23674242424242425
215.0,83.0,102.0,0.2708333333333333
215.0,84.0,101.0,0.2481060606060606
215.0,85.0,100.0,0.2518939393939394
215.0,86.0,99.0,0.2727272727272727
215.0,87.0,98.0,0.26136363636363635
215.0,88.0,97.0,0.24053030303030304
215.0,89.0,96.0,0.22348484848484848
215.0,90.0,95.0,0.19886363636363635
215.0,91.0,94.0,0.17045454545454544
215.0,92.0,93.0,0.13636363636363635
215.0,93.0,92.0,0.10984848484848485
215.0,94.0,91.0,0.07954545454545454
215.0,95.0,90.0,0.06060606060606061
215.0,96.0,89.0,0.03409090909090909
215.0,97.0,88.0,0.020833333333333332
215.0,98.0,87.0,0.02462121212121212
215.0,99.0,86.0,0.00946969696969697
215.0,100.0,85.0,0.005681818181818182
216.0,57.99999999999999,126.0,0.001893939393939394
216.0,59.0,125.0,0.001893939393939394
216.0,60.0,124.0,0.011363636363636364
216.0,61.0,123.0,0.011363636363636364
216.0,62.0,122.0,0.020833333333333332
216.0,63.0,121.0,0.022727272727272728
216.0,64.0,120.0,0.05113636363636364
216.0,65.0,119.0,0.07386363636363637
216.0,66.0,118.0,0.11174242424242424
216.0,67.0,117.0,0.14772727272727273
216.0,68.0,115.99999999999999,0.2215909090909091
216.0,69.0,114.99999999999999,0.2803030303030303
216.0,70.0,113.99999999999999,0.3409090909090909
216.0,71.0,112.99999999999999,0.36742424242424243
216.0,72.0,112.00000000000001,0.3787878787878788
216.0,73.0,111.00000000000001,0.38446969696969696
216.0,74.0,110.00000000000001,0.42045454545454547
216.0,75.0,109.00000000000001,0.4166666666666667
216.0,76.0,108.0,0.4034090909090909
216.0,77.0,107.0,0.3787878787878788
216.0,78.0,106.0,0.3996212121212121
216.0,79.0,105.0,0.39015151515151514
216.0,80.0,104.0,0.3125
216.0,81.0,103.0,0.3806818181818182
216.0,82.0,102.0,0.38257575757575757
216.0,83.0,101.0,0.39204545454545453
216.0,84.0,100.0,0.45075757575757575
216.0,85.0,99.0,0.3996212121212121
216.0,86.0,98.0,0.4015151515151515
216.0,87.0,97.0,0.4109848484848485
216.0,88.0,96.0,0.36174242424242425
216.0,89.0,95.0,0.32575757575757575
216.0,90.0,94.0,0.2935606060606061
216.0,91.0,93.0,0.26136363636363635
216.0,92.0,92.0,0.21022727272727273
216.0,93.0,91.0,0.1571969696969697
216.0,94.0,90.0,0.11363636363636363
216.0,95.0,89.0,0.07575757575757576
216.0,96.0,88.0,0.05303030303030303
216.0,97.0,87.0,0.041666666666666664
216.0,98.0,86.0,0.01893939393939394
216.0,99.0,85.0,0.011363636363636364
216.0,100.0,84.0,0.007575757575757576
216.0,101.0,83.0,0.005681818181818182
216.0,102.0,82.0,0.001893939393939394
217.0,57.99999999999999,125.0,0.001893939393939394
217.0,59.0,124.0,0.005681818181818182
217.0,60.0,123.0,0.017045454545454544
217.0,61.0,122.0,0.017045454545454544
217.0,62.0,121.0,0.03409090909090909
217.0,63.0,120.0,0.05303030303030303
217.0,64.0,119.0,0.11553030303030302
217.0,65.0,118.0,0.1553030303030303
217.0,66.0,117.0,0.21022727272727273
217.0,67.0,115.99999999999999,0.26136363636363635
217.0,68.0,114.99999999999999,0.3390151515151515
217.0,69.0,113.99999999999999,0.44886363636363635
217.0,70.0,112.99999999999999,0.5189393939393939
217.0,71.0,112.00000000000001,0.49053030303030304
217.0,72.0,111.00000000000001,0.5208333333333334
217.0,73.0,110.00000000000001,0.5700757575757576
217.0,74.0,109.00000000000001,0.6268939393939394
217.0,75.0,108.0,0.6041666666666666
217.0,76.0,107.0,0.5303030303030303
217.0,77.0,106.0,0.5265151515151515
217.0,78.0,105.0,0.48674242424242425
217.0,79.0,104.0,0.48863636363636365
217.0,80.0,103.0,0.5208333333333334
217.0,81.0,102.0,0.5681818181818182
217.0,82.0,101.0,0.5416666666666666
217.0,83.0,100.0,0.5757575757575758
217.0,84.0,99.0,0.634469696969697
217.0,85.0,98.0,0.5965909090909091
217.0,86.0,97.0,0.5492424242424242
217.0,87.0,96.0,0.5814393939393939
217.0,88.0,95.0,0.4602272727272727
217.0,89.0,94.0,0.44507575757575757
217.0,90.0,93.0,0.4412878787878788
217.0,91.0,92.0,0.3503787878787879
217.0,92.0,91.0,0.2878787878787879
217.0,93.0,90.0,0.20454545454545456
217.0,94.0,89.0,0.12878787878787878
217.0,95.0,88.0,0.09848484848484848
217.0,96.0,87.0,0.07007575757575757
217.0,97.0,86.0,0.043560606060606064
217.0,98.0,85.0,0.017045454545454544
217.0,99.0,84.0,0.00946969696969697
217.0,100.0,83.0,0.007575757575757576
217.0,101.0,82.0,0.005681818181818182
217.0,104.0,79.0,0.001893939393939394
218.00000000000003,56.99999999999999,125.0,0.001893939393939394
218.00000000000003,57.99999999999999,124.0,0.003787878787878788
218.00000000000003,59.0,123.0,0.026515151515151516
218.00000000000003,60.0,122.0,0.03409090909090909
218.00000000000003,61.0,121.0,0.043560606060606064
218.00000000000003,62.0,120.0,0.07954545454545454
218.00000000000003,63.0,119.0,0.10227272727272728
218.00000000000003,64.0,118.0,0.17613636363636365
218.00000000000003,65.0,117.0,0.2215909090909091
218.00000000000003,66.0,115.99999999999999,0.3484848484848485
218.00000000000003,67.0,114.99999999999999,0.42803030303030304
218.00000000000003,68.0,113.99999999999999,0.5151515151515151
218.00000000000003,69.0,112.99999999999999,0.678030303030303
218.00000000000003,70.0,112.00000000000001,0.6931818181818182
218.00000000000003,71.0,111.00000000000001,0.6875
218.00000000000003,72.0,110.00000000000001,0.7253787878787878
218.00000000000003,73.0,109.00000000000001,0.7386363636363636
218.00000000000003,74.0,108.0,0.759469696969697
218.00000000000003,75.0,107.0,0.75
218.00000000000003,76.0,106.0,0.7083333333333334
218.00000000000003,77.0,105.0,0.6439393939393939
218.00000000000003,78.0,104.0,0.6553030303030303
218.00000000000003,79.0,103.0,0.6799242424242424
218.00000000000003,80.0,102.0,0.6647727272727273
218.00000000000003,81.0,101.0,0.6496212121212122
218.00000000000003,82.0,100.0,0.6931818181818182
218.00000000000003,83.0,99.0,0.7007575757575758
218.00000000000003,84.0,98.0,0.8068181818181818
218.00000000000003,85.0,97.0,0.7765151515151515
218.00000000000003,86.0,96.0,0.7689393939393939
218.00000000000003,87.0,95.0,0.6647727272727273
218.00000000000003,88.0,94.0,0.5928030303030303
218.00000000000003,89.0,93.0,0.5662878787878788
218.00000000000003,90.0,92.0,0.4981060606060606
218.00000000000003,91.0,91.0,0.4015151515151515
218.00000000000003,92.0,90.0,0.3465909090909091
218.00000000000003,93.0,89.0,0.22916666666666666
218.00000000000003,94.0,88.0,0.1875
218.00000000000003,95.0,87.0,0.13636363636363635
218.00000000000003,96.0,86.0,0.10416666666666667
218.00000000000003,97.0,85.0,0.03598484848484849
218.00000000000003,98.0,84.0,0.01893939393939394
218.00000000000003,99.0,83.0,0.026515151515151516
218.00000000000003,100.0,82.0,0.011363636363636364
218.00000000000003,101.0,81.0,0.001893939393939394
218.00000000000003,103.0,79.0,0.001893939393939394
218.00000000000003,104.0,78.0,0.001893939393939394
219.0,56.00000000000001,125.0,0.001893939393939394
219.0,56.99999999999999,124.0,0.001893939393939394
219.0,57.99999999999999,123.0,0.011363636363636364
219.0,59.0,122.0,0.032196969696969696
219.0,60.0,121.0,0.041666666666666664
219.0,61.0,120.0,0.08522727272727272
219.0,62.0,119.0,0.11174242424242424
219.0,63.0,118.0,0.16287878787878787
219.0,64.0,117.0,0.23106060606060605
219.0,65.0,115.99999999999999,0.3465909090909091
219.0,66.0,114.99999999999999,0.4621212121212121
219.0,67.0,113.99999999999999,0.5416666666666666
219.0,68.0,112.99999999999999,0.6590909090909091
219.0,69.0,112.00000000000001,0.7954545454545454
219.0,70.0,111.00000000000001,0.8409090909090909
219.0,71.0,110.00000000000001,0.8882575757575758
219.0,72.0,109.00000000000001,0.8617424242424242
219.0,73.0,108.0,0.8484848484848485
219.0,74.0,107.0,0.7784090909090909
219.0,75.0,106.0,0.7954545454545454
219.0,76.0,105.0,0.7424242424242424
219.0,77.0,104.0,0.7878787878787878
219.0,78.0,103.0,0.8484848484848485
219.0,79.0,102.0,0.7878787878787878
219.0,80.0,101.0,0.7064393939393939
219.0,81.0,100.0,0.7878787878787878
219.0,82.0,99.0,0.8390151515151515
219.0,83.0,98.0,0.8314393939393939
219.0,84.0,97.0,0.8465909090909091
219.0,85.0,96.0,0.9090909090909091
219.0,86.0,95.0,0.8446969696969697
219.0,87.0,94.0,0.7878787878787878
219.0,88.0,93.0,0.7253787878787878
219.0,89.0,92.0,0.6363636363636364
219.0,90.0,91.0,0.5416666666666666
219.0,91.0,90.0,0.4412878787878788
219.0,92.0,89.0,0.3693181818181818
219.0,93.0,88.0,0.2878787878787879
219.0,94.0,87.0,0.19886363636363635
219.0,95.0,86.0,0.10606060606060606
219.0,96.0,85.0,0.08143939393939394
219.0,97.0,84.0,0.030303030303030304
219.0,98.0,83.0,0.03787878787878788
219.0,99.0,82.0,0.02462121212121212
219.0,100.0,81.0,0.005681818181818182
219.0,101.0,80.0,0.001893939393939394
219.0,102.0,79.0,0.003787878787878788
220.00000000000003,55.00000000000001,125.0,0.001893939393939394
220.00000000000003,56.00000000000001,124.0,0.001893939393939394
220.00000000000003,56.99999999999999,123.0,0.005681818181818182
220.00000000000003,57.99999999999999,122.0,0.017045454545454544
220.00000000000003,59.0,121.0,0.028409090909090908
220.00000000000003,60.0,120.0,0.04924242424242424
220.00000000000003,61.0,119.0,0.08143939393939394
220.00000000000003,62.0,118.0,0.14015151515151514
220.00000000000003,63.0,117.0,0.23295454545454544
220.00000000000003,64.0,115.99999999999999,0.3446969696969697
220.00000000000003,65.0,114.99999999999999,0.4393939393939394
220.00000000000003,66.0,113.99999999999999,0.5321969696969697
220.00000000000003,67.0,112.99999999999999,0.615530303030303
220.00000000000003,68.0,112.00000000000001,0.7215909090909091
220.00000000000003,69.0,111.00000000000001,0.8712121212121212
220.00000000000003,70.0,110.00000000000001,0.9545454545454546
220.00000000000003,71.0,109.00000000000001,0.9924242424242424
220.00000000000003,72.0,108.0,0.9128787878787878
220.00000000000003,73.0,107.0,0.8465909090909091
220.00000000000003,74.0,106.0,0.875
220.00000000000003,75.0,105.0,0.8882575757575758
220.00000000000003,76.0,104.0,0.8863636363636364
220.00000000000003,77.0,103.0,0.8257575757575758
220.00000000000003,78.0,102.0,0.8674242424242424
220.00000000000003,79.0,101.0,0.7784090909090909
220.00000000000003,80.0,100.0,0.8011363636363636
220.00000000000003,81.0,99.0,0.8882575757575758
220.00000000000003,82.0,98.0,0.9810606060606061
220.00000000000003,83.0,97.0,1.0
220.00000000000003,84.0,96.0,0.9488636363636364
220.00000000000003,85.0,95.0,0.9109848484848485
220.00000000000003,86.0,94.0,0.8390151515151515
220.00000000000003,87.0,93.0,0.8200757575757576
220.00000000000003,88.0,92.0,0.7916666666666666
220.00000000000003,89.0,91.0,0.7064393939393939
220.00000000000003,90.0,90.0,0.6174242424242424
220.00000000000003,91.0,89.0,0.48863636363636365
220.00000000000003,92.0,88.0,0.3333333333333333
220.00000000000003,93.0,87.0,0.25
220.00000000000003,94.0,86.0,0.14393939393939395
220.00000000000003,95.0,85.0,0.10037878787878787
220.00000000000003,96.0,84.0,0.056818181818181816
220.00000000000003,97.0,83.0,0.03787878787878788
220.00000000000003,98.0,82.0,0.028409090909090908
220.00000000000003,99.0,81.0,0.013257575757575758
220.00000000000003,100.0,80.0,0.005681818181818182
220.00000000000003,101.0,79.0,0.003787878787878788
220.00000000000003,102.0,78.0,0.001893939393939394
221.0,56.00000000000001,123.0,0.001893939393939394
221.0,56.99999999999999,122.0,0.013257575757575758
221.0,57.99999999999999,121.0,0.01893939393939394
221.0,59.0,120.0,0.03787878787878788
221.0,60.0,119.0,0.056818181818181816
221.0,61.0,118.0,0.0946969696969697
221.0,62.0,117.0,0.17424242424242425
221.0,63.0,115.99999999999999,0.25757575757575757
221.0,64.0,114.99999999999999,0.3712121212121212
221.0,65.0,113.99999999999999,0.5284090909090909
221.0,66.0,112.99999999999999,0.6534090909090909
221.0,67.0,112.00000000000001,0.696969696969697
221.0,68.0,111.00000000000001,0.7897727272727273
221.0,69.0,110.00000000000001,0.8560606060606061
221.0,70.0,109.00000000000001,0.9204545454545454
221.0,71.0,108.0,0.9356060606060606
221.0,72.0,107.0,0.8560606060606061
221.0,73.0,106.0,0.9223484848484849
221.0,74.0,105.0,0.9829545454545454
221.0,75.0,104.0,0.9583333333333334
221.0,76.0,103.0,0.8806818181818182
221.0,77.0,102.0,0.7954545454545454
221.0,78.0,101.0,0.803030303030303
221.0,79.0,100.0,0.8409090909090909
221.0,80.0,99.0,0.8958333333333334
221.0,81.0,98.0,0.946969696969697
221.0,82.0,97.0,0.9772727272727273
221.0,83.0,96.0,0.9204545454545454
221.0,84.0,95.0,0.8996212121212122
221.0,85.0,94.0,0.8333333333333334
221.0,86.0,93.0,0.8712121212121212
221.0,87.0,92.0,0.8882575757575758
221.0,88.0,91.0,0.7897727272727273
221.0,89.0,90.0,0.6174242424242424
221.0,90.0,89.0,0.5397727272727273
221.0,91.0,88.0,0.3939393939393939
221.0,92.0,87.0,0.26515151515151514
221.0,93.0,86.0,0.19318181818181818
221.0,94.0,85.0,0.14583333333333334
221.0,95.0,84.0,0.09090909090909091
221.0,96.0,83.0,0.04924242424242424
221.0,97.0,82.0,0.028409090909090908
221.0,98.0,81.0,0.020833333333333332
221.0,99.0,80.0,0.011363636363636364
222.00000000000003,56.00000000000001,122.0,0.007575757575757576
222.00000000000003,56.99999999999999,121.0,0.013257575757575758
222.00000000000003,57.99999999999999,120.0,0.02462121212121212
222.00000000000003,59.0,119.0,0.058712121212121215
222.00000000000003,60.0,118.0,0.09659090909090909
222.00000000000003,61.0,117.0,0.14962121212121213
222.00000000000003,62.0,115.99999999999999,0.2178030303030303
222.00000000000003,63.0,114.99999999999999,0.3106060606060606
222.00000000000003,64.0,113.99999999999999,0.4696969696969697
222.00000000000003,65.0,112.99999999999999,0.6117424242424242
222.00000000000003,66.0,112.00000000000001,0.7253787878787878
222.00000000000003,67.0,111.00000000000001,0.7007575757575758
222.00000000000003,68.0,110.00000000000001,0.7878787878787878
222.00000000000003,69.0,109.00000000000001,0.8295454545454546
222.00000000000003,70.0,108.0,0.865530303030303
222.00000000000003,71.0,107.0,0.8484848484848485
222.00000000000003,72.0,106.0,0.8503787878787878
222.00000000000003,73.0,105.0,0.8977272727272727
222.00000000000003,74.0,104.0,0.8522727272727273
222.00000000000003,75.0,103.0,0.8371212121212122
222.00000000000003,76.0,102.0,0.7897727272727273
222.00000000000003,77.0,101.0,0.7613636363636364
222.00000000000003,78.0,100.0,0.759469696969697
222.00000000000003,79.0,99.0,0.8390151515151515
222.00000000000003,80.0,98.0,0.821969696969697
222.00000000000003,81.0,97.0,0.8731060606060606
222.00000000000003,82.0,96.0,0.8863636363636364
222.00000000000003,83.0,95.0,0.8352272727272727
222.00000000000003,84.0,94.0,0.8049242424242424
222.00000000000003,85.0,93.0,0.8162878787878788
222.00000000000003,86.0,92.0,0.8768939393939394
222.00000000000003,87.0,91.0,0.8333333333333334
222.00000000000003,88.0,90.0,0.6912878787878788
222.00000000000003,89.0,89.0,0.5795454545454546
222.00000000000003,90.0,88.0,0.42613636363636365
222.00000000000003,91.0,87.0,0.36174242424242425
222.00000000000003,92.0,86.0,0.23674242424242425
222.00000000000003,93.0,85.0,0.17045454545454544
222.00000000000003,94.0,84.0,0.10795454545454546
222.00000000000003,95.0,83.0,0.07196969696969698
222.00000000000003,96.0,82.0,0.03787878787878788
222.00000000000003,97.0,81.0,0.028409090909090908
222.00000000000003,98.0,80.0,0.01893939393939394
222.00000000000003,99.0,79.0,0.007575757575757576
222.00000000000003,102.0,76.0,0.001893939393939394
223.0,56.00000000000001,121.0,0.013257575757575758
223.0,56.99999999999999,120.0,0.01893939393939394
223.0,57.99999999999999,119.0,0.030303030303030304
223.0,59.0,118.0,0.07007575757575757
223.0,60.0,117.0,0.125
223.0,61.0,115.99999999999999,0.16666666666666666
223.0,62.0,114.99999999999999,0.2481060606060606
223.0,63.0,113.99999999999999,0.32954545454545453
223.0,64.0,112.99999999999999,0.44507575757575757
223.0,65.0,112.00000000000001,0.5871212121212122
223.0,66.0,111.00000000000001,0.5946969696969697
223.0,67.0,110.00000000000001,0.6401515151515151
223.0,68.0,109.00000000000001,0.7613636363636364
223.0,69.0,108.0,0.8011363636363636
223.0,70.0,107.0,0.7689393939393939
223.0,71.0,106.0,0.7045454545454546
223.0,72.0,105.0,0.75
223.0,73.0,104.0,0.740530303030303
223.0,74.0,103.0,0.7272727272727273
223.0,75.0,102.0,0.6799242424242424
223.0,76.0,101.0,0.6988636363636364
223.0,77.0,100.0,0.7026515151515151
223.0,78.0,99.0,0.7159090909090909
223.0,79.0,98.0,0.6590909090909091
223.0,80.0,97.0,0.6666666666666666
223.0,81.0,96.0,0.7613636363636364
223.0,82.0,95.0,0.7215909090909091
223.0,83.0,94.0,0.7272727272727273
223.0,84.0,93.0,0.7159090909090909
223.0,85.0,92.0,0.7386363636363636
223.0,86.0,91.0,0.7386363636363636
223.0,87.0,90.0,0.6723484848484849
223.0,88.0,89.0,0.6401515151515151
223.0,89.0,88.0,0.4602272727272727
223.0,90.0,87.0,0.3352272727272727
223.0,91.0,86.0,0.2481060606060606
223.0,92.0,85.0,0.19696969696969696
223.0,93.0,84.0,0.13636363636363635
223.0,94.0,83.0,0.10984848484848485
223.0,95.0,82.0,0.054924242424242424
223.0,96.0,81.0,0.03409090909090909
223.0,97.0,80.0,0.011363636363636364
223.0,98.0,79.0,0.011363636363636364
223.0,99.0,78.0,0.001893939393939394
223.0,101.0,76.0,0.001893939393939394
223.0,102.0,75.0,0.001893939393939394
224.00000000000003,55.00000000000001,121.0,0.00946969696969697
224.00000000000003,56.00000000000001,120.0,0.01893939393939394
224.00000000000003,56.99999999999999,119.0,0.020833333333333332
224.00000000000003,57.99999999999999,118.0,0.041666666666666664
224.00000000000003,59.0,117.0,0.054924242424242424
224.00000000000003,60.0,115.99999999999999,0.10416666666666667
224.00000000000003,61.0,114.99999999999999,0.16856060606060605
224.00000000000003,62.0,113.99999999999999,0.22727272727272727
224.00000000000003,63.0,112.99999999999999,0.3181818181818182
224.00000000000003,64.0,112.00000000000001,0.4109848484848485
224.00000000000003,65.0,111.00000000000001,0.44696969696969696
224.00000000000003,66.0,110.00000000000001,0.4734848484848485
224.00000000000003,67.0,109.00000000000001,0.5473484848484849
224.00000000000003,68.0,108.0,0.6515151515151515
224.00000000000003,69.0,107.0,0.6893939393939394
224.00000000000003,70.0,106.0,0.6534090909090909
224.00000000000003,71.0,105.0,0.6685606060606061
224.00000000000003,72.0,104.0,0.6553030303030303
224.00000000000003,73.0,103.0,0.5454545454545454
224.00000000000003,74.0,102.0,0.5700757575757576
224.00000000000003,75.0,101.0,0.5265151515151515
224.00000000000003,76.0,100.0,0.5700757575757576
224.00000000000003,77.0,99.0,0.6098484848484849
224.00000000000003,78.0,98.0,0.5776515151515151
224.00000000000003,79.0,97.0,0.553030303030303
224.00000000000003,80.0,96.0,0.6079545454545454
224.00000000000003,81.0,95.0,0.6287878787878788
224.00000000000003,82.0,94.0,0.5681818181818182
224.00000000000003,83.0,93.0,0.6098484848484849
224.00000000000003,84.0,92.0,0.6098484848484849
224.00000000000003,85.0,91.0,0.5776515151515151
224.00000000000003,86.0,90.0,0.5397727272727273
224.00000000000003,87.0,89.0,0.4943181818181818
224.00000000000003,88.0,88.0,0.42613636363636365
224.00000000000003,89.0,87.0,0.3314393939393939
224.00000000000003,90.0,86.0,0.25757575757575757
224.00000000000003,91.0,85.0,0.17803030303030304
224.00000000000003,92.0,84.0,0.11553030303030302
224.00000000000003,93.0,83.0,0.10227272727272728
224.00000000000003,94.0,82.0,0.0625
224.00000000000003,95.0,81.0,0.03598484848484849
224.00000000000003,96.0,80.0,0.017045454545454544
224.00000000000003,97.0,79.0,0.013257575757575758
224.00000000000003,98.0,78.0,0.00946969696969697
225.0,54.0,121.0,0.001893939393939394
225.0,55.00000000000001,120.0,0.005681818181818182
225.0,56.00000000000001,119.0,0.001893939393939394
225.0,56.99999999999999,118.0,0.017045454545454544
225.0,57.99999999999999,117.0,0.028409090909090908
225.0,59.0,115.99999999999999,0.058712121212121215
225.0,60.0,114.99999999999999,0.10795454545454546
225.0,61.0,113.99999999999999,0.16098484848484848
225.0,62.0,112.99999999999999,0.21401515151515152
225.0,63.0,112.00000000000001,0.26515151515151514
225.0,64.0,111.00000000000001,0.2897727272727273
225.0,65.0,110.00000000000001,0.3522727272727273
225.0,66.0,109.00000000000001,0.4071969696969697
225.0,67.0,108.0,0.4678030303030303
225.0,68.0,107.0,0.5303030303030303
225.0,69.0,106.0,0.5132575757575758
225.0,70.0,105.0,0.5056818181818182
225.0,71.0,104.0,0.5018939393939394
225.0,72.0,103.0,0.4583333333333333
225.0,73.0,102.0,0.4337121212121212
225.0,74.0,101.0,0.4356060606060606
225.0,75.0,100.0,0.4337121212121212
225.0,76.0,99.0,0.42234848484848486
225.0,77.0,98.0,0.4356060606060606
225.0,78.0,97.0,0.35795454545454547
225.0,79.0,96.0,0.4734848484848485
225.0,80.0,95.0,0.4678030303030303
225.0,81.0,94.0,0.44886363636363635
225.0,82.0,93.0,0.4185606060606061
225.0,83.0,92.0,0.48295454545454547
225.0,84.0,91.0,0.48863636363636365
225.0,85.0,90.0,0.4810606060606061
225.0,86.0,89.0,0.4185606060606061
225.0,87.0,88.0,0.38636363636363635
225.0,88.0,87.0,0.2935606060606061
225.0,89.0,86.0,0.24431818181818182
225.0,90.0,85.0,0.17424242424242425
225.0,91.0,84.0,0.10795454545454546
225.0,92.0,83.0,0.07386363636363637
225.0,93.0,82.0,0.07007575757575757
225.0,94.0,81.0,0.043560606060606064
225.0,95.0,80.0,0.026515151515151516
225.0,96.0,79.0,0.01893939393939394
225.0,97.0,78.0,0.017045454545454544
225.0,98.0,77.0,0.005681818181818182
225.0,99.0,76.0,0.001893939393939394
225.0,100.0,75.0,0.001893939393939394
225.99999999999997,54.0,120.0,0.003787878787878788
225.99999999999997,55.00000000000001,119.0,0.001893939393939394
225.99999999999997,56.00000000000001,118.0,0.00946969696969697
225.99999999999997,56.99999999999999,117.0,0.017045454545454544
225.99999999999997,57.99999999999999,115.99999999999999,0.030303030303030304
225.99999999999997,59.0,114.99999999999999,0.056818181818181816
225.99999999999997,60.0,113.99999999999999,0.08522727272727272
225.99999999999997,61.0,112.99999999999999,0.14583333333333334
225.99999999999997,62.0,112.00000000000001,0.16098484848484848
225.99999999999997,63.0,111.00000000000001,0.19318181818181818
225.99999999999997,64.0,110.00000000000001,0.22348484848484848
225.99999999999997,65.0,109.00000000000001,0.2765151515151515
225.99999999999997,66.0,108.0,0.3352272727272727
225.99999999999997,67.0,107.0,0.38636363636363635
225.99999999999997,68.0,106.0,0.3560606060606061
225.99999999999997,69.0,105.0,0.3522727272727273
225.99999999999997,70.0,104.0,0.32007575757575757
225.99999999999997,71.0,103.0,0.32954545454545453
225.99999999999997,72.0,102.0,0.3314393939393939
225.99999999999997,73.0,101.0,0.25946969696969696
225.99999999999997,74.0,100.0,0.2859848484848485
225.99999999999997,75.0,99.0,0.2878787878787879
225.99999999999997,76.0,98.0,0.26704545454545453
225.99999999999997,77.0,97.0,0.23484848484848486
225.99999999999997,78.0,96.0,0.2746212121212121
225.99999999999997,79.0,95.0,0.3087121212121212
225.99999999999997,80.0,94.0,0.3087121212121212
225.99999999999997,81.0,93.0,0.3181818181818182
225.99999999999997,82.0,92.0,0.32196969696969696
225.99999999999997,83.0,91.0,0.35795454545454547
225.99999999999997,84.0,90.0,0.3560606060606061
225.99999999999997,85.0,89.0,0.3371212121212121
225.99999999999997,86.0,88.0,0.2859848484848485
225.99999999999997,87.0,87.0,0.25757575757575757
225.99999999999997,88.0,86.0,0.1856060606060606
225.99999999999997,89.0,85.0,0.14204545454545456
225.99999999999997,90.0,84.0,0.11553030303030302
225.99999999999997,91.0,83.0,0.0928030303030303
225.99999999999997,92.0,82.0,0.06628787878787878
225.99999999999997,93.0,81.0,0.03598484848484849
225.99999999999997,94.0,80.0,0.020833333333333332
225.99999999999997,95.0,79.0,0.015151515151515152
225.99999999999997,96.0,78.0,0.011363636363636364
225.99999999999997,97.0,77.0,0.003787878787878788
225.99999999999997,98.0,76.0,0.001893939393939394
225.99999999999997,99.0,75.0,0.003787878787878788
227.0,53.0,120.0,0.001893939393939394
227.0,54.0,119.0,0.001893939393939394
227.0,55.00000000000001,118.0,0.001893939393939394
227.0,56.00000000000001,117.0,0.007575757575757576
227.0,56.99999999999999,115.99999999999999,0.00946969696969697
227.0,57.99999999999999,114.99999999999999,0.013257575757575758
227.0,59.0,113.99999999999999,0.041666666666666664
227.0,60.0,112.99999999999999,0.0928030303030303
227.0,61.0,112.00000000000001,0.125
227.0,62.0,111.00000000000001,0.125
227.0,63.0,110.00000000000001,0.14393939393939395
227.0,64.0,109.00000000000001,0.1571969696969697
227.0,65.0,108.0,0.20075757575757575
227.0,66.0,107.0,0.23106060606060605
227.0,67.0,106.0,0.20833333333333334
227.0,68.0,105.0,0.20075757575757575
227.0,69.0,104.0,0.23674242424242425
227.0,70.0,103.0,0.20833333333333334
227.0,71.0,102.0,0.20643939393939395
227.0,72.0,101.0,0.18181818181818182
227.0,73.0,100.0,0.1893939393939394
227.0,74.0,99.0,0.22348484848484848
227.0,75.0,98.0,0.19128787878787878
227.0,76.0,97.0,0.19507575757575757
227.0,77.0,96.0,0.19507575757575757
227.0,78.0,95.0,0.19318181818181818
227.0,79.0,94.0,0.19318181818181818
227.0,80.0,93.0,0.19696969696969696
227.0,81.0,92.0,0.21401515151515152
227.0,82.0,91.0,0.2518939393939394
227.0,83.0,90.0,0.2481060606060606
227.0,84.0,89.0,0.21401515151515152
227.0,85.0,88.0,0.17424242424242425
227.0,86.0,87.0,0.17803030303030304
227.0,87.0,86.0,0.16287878787878787
227.0,88.0,85.0,0.12310606060606061
227.0,89.0,84.0,0.07954545454545454
227.0,90.0,83.0,0.07007575757575757
227.0,91.0,82.0,0.058712121212121215
227.0,92.0,81.0,0.020833333333333332
227.0,93.0,80.0,0.015151515151515152
227.0,94.0,79.0,0.011363636363636364
227.0,95.0,78.0,0.00946969696969697
227.0,96.0,77.0,0.001893939393939394
227.0,98.0,75.0,0.001893939393939394
227.99999999999997,55.00000000000001,117.0,0.001893939393939394
227.99999999999997,56.00000000000001,115.99999999999999,0.007575757575757576
227.99999999999997,56.99999999999999,114.99999999999999,0.00946969696969697
227.99999999999997,57.99999999999999,113.99999999999999,0.01893939393939394
227.99999999999997,59.0,112.99999999999999,0.05303030303030303
227.99999999999997,60.0,112.00000000000001,0.07196969696969698
227.99999999999997,61.0,111.00000000000001,0.09090909090909091
227.99999999999997,62.0,110.00000000000001,0.08901515151515152
227.99999999999997,63.0,109.00000000000001,0.09659090909090909
227.99999999999997,64.0,108.0,0.125
227.99999999999997,65.0,107.0,0.14204545454545456
227.99999999999997,66.0,106.0,0.11742424242424243
227.99999999999997,67.0,105.0,0.0928030303030303
227.99999999999997,68.0,104.0,0.12310606060606061
227.99999999999997,69.0,103.0,0.14772727272727273
227.99999999999997,70.0,102.0,0.14204545454545456
227.99999999999997,71.0,101.0,0.13446969696969696
227.99999999999997,72.0,100.0,0.13446969696969696
227.99999999999997,73.0,99.0,0.14772727272727273
227.99999999999997,74.0,98.0,0.10227272727272728
227.99999999999997,75.0,97.0,0.08522727272727272
227.99999999999997,76.0,96.0,0.12878787878787878
227.99999999999997,77.0,95.0,0.14393939393939395
227.99999999999997,78.0,94.0,0.14583333333333334
227.99999999999997,79.0,93.0,0.10416666666666667
227.99999999999997,80.0,92.0,0.1268939393939394
227.99999999999997,81.0,91.0,0.17424242424242425
227.99999999999997,82.0,90.0,0.17424242424242425
227.99999999999997,83.0,89.0,0.16098484848484848
227.99999999999997,84.0,88.0,0.11742424242424243
227.99999999999997,85.0,87.0,0.10416666666666667
227.99999999999997,86.0,86.0,0.13825757575757575
227.99999999999997,87.0,85.0,0.09659090909090909
227.99999999999997,88.0,84.0,0.07954545454545454
227.99999999999997,89.0,83.0,0.056818181818181816
227.99999999999997,90.0,82.0,0.045454545454545456
227.99999999999997,91.0,81.0,0.022727272727272728
227.99999999999997,92.0,80.0,0.015151515151515152
227.99999999999997,93.0,79.0,0.00946969696969697
227.99999999999997,94.0,78.0,0.007575757575757576
227.99999999999997,95.0,77.0,0.003787878787878788
227.99999999999997,96.0,76.0,0.001893939393939394
227.99999999999997,97.0,75.0,0.001893939393939394
227.99999999999997,98.0,74.0,0.001893939393939394
229.0,54.0,117.0,0.001893939393939394
229.0,55.00000000000001,115.99999999999999,0.001893939393939394
229.0,56.00000000000001,114.99999999999999,0.001893939393939394
229.0,56.99999999999999,113.99999999999999,0.001893939393939394
229.0,57.99999999999999,112.99999999999999,0.013257575757575758
229.0,59.0,112.00000000000001,0.028409090909090908
229.0,60.0,111.00000000000001,0.041666666666666664
229.0,61.0,110.00000000000001,0.05113636363636364
229.0,62.0,109.00000000000001,0.05303030303030303
229.0,63.0,108.0,0.04924242424242424
229.0,64.0,107.0,0.08143939393939394
229.0,65.0,106.0,0.08522727272727272
229.0,66.0,105.0,0.0946969696969697
229.0,67.0,104.0,0.07954545454545454
229.0,68.0,103.0,0.056818181818181816
229.0,69.0,102.0,0.07007575757575757
229.0,70.0,101.0,0.07007575757575757
229.0,71.0,100.0,0.07386363636363637
229.0,72.0,99.0,0.07196969696969698
229.0,73.0,98.0,0.07765151515151515
229.0,74.0,97.0,0.06818181818181818
229.0,75.0,96.0,0.07007575757575757
229.0,76.0,95.0,0.07765151515151515
229.0,77.0,94.0,0.07575757575757576
229.0,78.0,93.0,0.07575757575757576
229.0,79.0,92.0,0.07765151515151515
229.0,80.0,91.0,0.09848484848484848
229.0,81.0,90.0,0.08901515151515152
229.0,82.0,89.0,0.08712121212121213
229.0,83.0,88.0,0.08333333333333333
229.0,84.0,87.0,0.07954545454545454
229.0,85.0,86.0,0.07765151515151515
229.0,86.0,85.0,0.06628787878787878
229.0,87.0,84.0,0.06628787878787878
229.0,88.0,83.0,0.056818181818181816
229.0,89.0,82.0,0.026515151515151516
229.0,90.0,81.0,0.020833333333333332
229.0,91.0,80.0,0.00946969696969697
229.0,92.0,79.0,0.003787878787878788
229.0,93.0,78.0,0.007575757575757576
229.0,94.0,77.0,0.005681818181818182
229.0,95.0,76.0,0.001893939393939394
229.0,96.0,75.0,0.003787878787878788
229.0,97.0,74.0,0.001893939393939394
229.99999999999997,53.0,117.0,0.001893939393939394
229.99999999999997,54.0,115.99999999999999,0.005681818181818182
229.99999999999997,55.00000000000001,114.99999999999999,0.001893939393939394
229.99999999999997,56.00000000000001,113.99999999999999,0.003787878787878788
229.99999999999997,56.99999999999999,112.99999999999999,0.005681818181818182
229.99999999999997,57.99999999999999,112.00000000000001,0.007575757575757576
229.99999999999997,59.0,111.00000000000001,0.022727272727272728
229.99999999999997,60.0,110.00000000000001,0.02462121212121212
229.99999999999997,61.0,109.00000000000001,0.03787878787878788
229.99999999999997,62.0,108.0,0.020833333333333332
229.99999999999997,63.0,107.0,0.045454545454545456
229.99999999999997,64.0,106.0,0.056818181818181816
229.99999999999997,65.0,105.0,0.054924242424242424
229.99999999999997,66.0,104.0,0.06628787878787878
229.99999999999997,67.0,103.0,0.041666666666666664
229.99999999999997,68.0,102.0,0.04734848484848485
229.99999999999997,69.0,101.0,0.03598484848484849
229.99999999999997,70.0,100.0,0.04734848484848485
229.99999999999997,71.0,99.0,0.04734848484848485
229.99999999999997,72.0,98.0,0.043560606060606064
229.99999999999997,73.0,97.0,0.054924242424242424
229.99999999999997,74.0,96.0,0.054924242424242424
229.99999999999997,75.0,95.0,0.04734848484848485
229.99999999999997,76.0,94.0,0.043560606060606064
229.99999999999997,77.0,93.0,0.041666666666666664
229.99999999999997,78.0,92.0,0.04924242424242424
229.99999999999997,79.0,91.0,0.05113636363636364
229.99999999999997,80.0,90.0,0.04924242424242424
229.99999999999997,81.0,89.0,0.041666666666666664
229.99999999999997,82.0,88.0,0.04734848484848485
229.99999999999997,83.0,87.0,0.0625
229.99999999999997,84.0,86.0,0.04924242424242424
229.99999999999997,85.0,85.0,0.03598484848484849
229.99999999999997,86.0,84.0,0.03598484848484849
229.99999999999997,87.0,83.0,0.02462121212121212
229.99999999999997,88.0,82.0,0.013257575757575758
229.99999999999997,89.0,81.0,0.013257575757575758
229.99999999999997,90.0,80.0,0.015151515151515152
229.99999999999997,91.0,79.0,0.00946969696969697
229.99999999999997,92.0,78.0,0.005681818181818182
229.99999999999997,93.0,77.0,0.005681818181818182
229.99999999999997,94.0,76.0,0.001893939393939394
229.99999999999997,95.0,75.0,0.001893939393939394
229.99999999999997,96.0,74.0,0.001893939393939394
231.0,53.0,115.99999999999999,0.001893939393939394
231.0,54.0,114.99999999999999,0.001893939393939394
231.0,56.00000000000001,112.99999999999999,0.005681818181818182
231.0,56.99999999999999,112.00000000000001,0.001893939393939394
231.0,57.99999999999999,111.00000000000001,0.005681818181818182
231.0,59.0,110.00000000000001,0.007575757575757576
231.0,60.0,109.00000000000001,0.020833333333333332
231.0,61.0,108.0,0.017045454545454544
231.0,62.0,107.0,0.01893939393939394
231.0,63.0,106.0,0.026515151515151516
231.0,64.0,105.0,0.026515151515151516
231.0,65.0,104.0,0.028409090909090908
231.0,66.0,103.0,0.030303030303030304
231.0,67.0,102.0,0.026515151515151516
231.0,68.0,101.0,0.026515151515151516
231.0,69.0,100.0,0.01893939393939394
231.0,70.0,99.0,0.017045454545454544
231.0,71.0,98.0,0.022727272727272728
231.0,72.0,97.0,0.022727272727272728
231.0,73.0,96.0,0.017045454545454544
231.0,74.0,95.0,0.022727272727272728
231.0,75.0,94.0,0.028409090909090908
231.0,76.0,93.0,0.022727272727272728
231.0,77.0,92.0,0.013257575757575758
231.0,78.0,91.0,0.020833333333333332
231.0,79.0,90.0,0.020833333333333332
231.0,80.0,89.0,0.022727272727272728
231.0,81.0,88.0,0.026515151515151516
231.0,82.0,87.0,0.03409090909090909
231.0,83.0,86.0,0.030303030303030304
231.0,84.0,85.0,0.02462121212121212
231.0,85.0,84.0,0.02462121212121212
231.0,86.0,83.0,0.017045454545454544
231.0,87.0,82.0,0.007575757575757576
231.0,88.0,81.0,0.013257575757575758
231.0,89.0,80.0,0.00946969696969697
231.0,90.0,79.0,0.003787878787878788
231.0,91.0,78.0,0.005681818181818182
231.0,92.0,77.0,0.001893939393939394
231.99999999999997,55.00000000000001,112.99999999999999,0.001893939393939394
231.99999999999997,56.00000000000001,112.00000000000001,0.001893939393939394
231.99999999999997,56.99999999999999,111.00000000000001,0.003787878787878788
231.99999999999997,57.99999999999999,110.00000000000001,0.005681818181818182
231.99999999999997,59.0,109.00000000000001,0.00946969696969697
231.99999999999997,60.0,108.0,0.013257575757575758
231.99999999999997,61.0,107.0,0.015151515151515152
231.99999999999997,62.0,106.0,0.017045454545454544
231.99999999999997,63.0,105.0,0.017045454545454544
231.99999999999997,64.0,104.0,0.017045454545454544
231.99999999999997,65.0,103.0,0.00946969696969697
231.99999999999997,66.0,102.0,0.011363636363636364
231.99999999999997,67.0,101.0,0.013257575757575758
231.99999999999997,68.0,100.0,0.007575757575757576
231.99999999999997,69.0,99.0,0.003787878787878788
231.99999999999997,70.0,98.0,0.001893939393939394
231.99999999999997,71.0,97.0,0.00946969696969697
231.99999999999997,72.0,96.0,0.017045454545454544
231.99999999999997,73.0,95.0,0.011363636363636364
231.99999999999997,74.0,94.0,0.013257575757575758
231.99999999999997,75.0,93.0,0.01893939393939394
231.99999999999997,76.0,92.0,0.013257575757575758
231.99999999999997,77.0,91.0,0.005681818181818182
231.99999999999997,78.0,90.0,0.015151515151515152
231.99999999999997,79.0,89.0,0.017045454545454544
231.99999999999997,80.0,88.0,0.00946969696969697
231.99999999999997,81.0,87.0,0.01893939393939394
231.99999999999997,82.0,86.0,0.017045454545454544
231.99999999999997,83.0,85.0,0.01893939393939394
231.99999999999997,84.0,84.0,0.017045454545454544
231.99999999999997,85.0,83.0,0.011363636363636364
231.99999999999997,86.0,82.0,0.005681818181818182
231.99999999999997,87.0,81.0,0.005681818181818182
231.99999999999997,88.0,80.0,0.003787878787878788
233.0,56.00000000000001,111.00000000000001,0.001893939393939394
233.0,56.99999999999999,110.00000000000001,0.003787878787878788
233.0,57.99999999999999,109.00000000000001,0.007575757575757576
233.0,59.0,108.0,0.00946969696969697
233.0,60.0,107.0,0.005681818181818182
233.0,61.0,106.0,0.001893939393939394
233.0,62.0,105.0,0.015151515151515152
233.0,63.0,104.0,0.015151515151515152
233.0,64.0,103.0,0.007575757575757576
233.0,65.0,102.0,0.005681818181818182
233.0,66.0,101.0,0.003787878787878788
233.0,67.0,100.0,0.003787878787878788
233.0,68.0,99.0,0.00946969696969697
233.0,69.0,98.0,0.007575757575757576
233.0,71.0,96.0,0.007575757575757576
233.0,72.0,95.0,0.011363636363636364
233.0,73.0,94.0,0.003787878787878788
233.0,74.0,93.0,0.001893939393939394
233.0,75.0,92.0,0.005681818181818182
233.0,76.0,91.0,0.003787878787878788
233.0,77.0,90.0,0.007575757575757576
233.0,78.0,89.0,0.005681818181818182
233.0,79.0,88.0,0.005681818181818182
233.0,80.0,87.0,0.011363636363636364
233.0,81.0,86.0,0.00946969696969697
233.0,82.0,85.0,0.00946969696969697
233.0,83.0,84.0,0.013257575757575758
233.0,84.0,83.0,0.015151515151515152
233.0,85.0,82.0,0.011363636363636364
233.0,86.0,81.0,0.007575757575757576
233.0,88.0,79.0,0.001893939393939394
233.0,89.0,78.0,0.001893939393939394
233.0,92.0,75.0,0.001893939393939394
234.0,56.99999999999999,109.00000000000001,0.003787878787878788
234.0,60.0,106.0,0.001893939393939394
234.0,61.0,105.0,0.003787878787878788
234.0,62.0,104.0,0.003787878787878788
234.0,66.0,100.0,0.001893939393939394
234.0,67.0,99.0,0.003787878787878788
234.0,68.0,98.0,0.007575757575757576
234.0,69.0,97.0,0.001893939393939394
234.0,70.0,96.0,0.001893939393939394
234.0,71.0,95.0,0.003787878787878788
234.0,72.0,94.0,0.005681818181818182
234.0,73.0,93.0,0.001893939393939394
234.0,74.0,92.0,0.001893939393939394
234.0,76.0,90.0,0.003787878787878788
234.0,77.0,89.0,0.001893939393939394
234.0,78.0,88.0,0.001893939393939394
234.0,79.0,87.0,0.005681818181818182
234.0,80.0,86.0,0.001893939393939394
234.0,81.0,85.0,0.003787878787878788
234.0,82.0,84.0,0.003787878787878788
234.0,83.0,83.0,0.005681818181818182
234.0,84.0,82.0,0.003787878787878788
234.0,85.0,81.0,0.003787878787878788
234.0,88.0,78.0,0.001893939393939394
234.0,91.0,75.0,0.001893939393939394
234.0,92.0,74.0,0.003787878787878788
235.0,56.00000000000001,109.00000000000001,0.001893939393939394
235.0,56.99999999999999,108.0,0.001893939393939394
235.0,59.0,106.0,0.001893939393939394
235.0,60.0,105.0,0.001893939393939394
235.0,65.0,100.0,0.001893939393939394
235.0,66.0,99.0,0.001893939393939394
235.0,67.0,98.0,0.001893939393939394
235.0,68.0,97.0,0.001893939393939394
235.0,69.0,96.0,0.001893939393939394
235.0,74.0,91.0,0.003787878787878788
235.0,77.0,88.0,0.001893939393939394
235.0,78.0,87.0,0.001893939393939394
235.0,80.0,85.0,0.001893939393939394
235.0,81.0,84.0,0.001893939393939394
235.0,84.0,81.0,0.001893939393939394
235.0,91.0,74.0,0.001893939393939394
235.0,92.0,73.0,0.001893939393939394
236.0,62.0,102.0,0.001893939393939394
236.0,63.0,101.0,0.001893939393939394
236.0,68.0,96.0,0.001893939393939394
236.0,69.0,95.0,0.003787878787878788
236.0,73.0,91.0,0.001893939393939394
236.0,74.0,90.0,0.003787878787878788
236.0,83.0,81.0,0.001893939393939394
236.0,84.0,80.0,0.001893939393939394
237.0,62.0,101.0,0.001893939393939394
237.0,68.0,95.0,0.001893939393939394
237.0,77.0,86.0,0.001893939393939394
237.0,78.0,85.0,0.001893939393939394
238.0,77.0,85.0,0.001893939393939394
