53.0,200.99999999999997,146.0,0.0011534025374855825
53.0,202.99999999999997,144.0,0.0011534025374855825
53.0,204.0,143.0,0.0011534025374855825
53.0,204.99999999999997,142.0,0.0011534025374855825
54.0,200.0,146.0,0.002306805074971165
54.0,200.99999999999997,145.0,0.0011534025374855825
54.0,202.0,144.0,0.0011534025374855825
54.0,202.99999999999997,143.0,0.0011534025374855825
54.0,204.0,142.0,0.002306805074971165
55.00000000000001,197.0,148.0,0.0011534025374855825
55.00000000000001,198.0,147.0,0.0011534025374855825
55.00000000000001,199.0,146.0,0.002306805074971165
55.00000000000001,200.0,145.0,0.002306805074971165
55.00000000000001,200.99999999999997,144.0,0.0011534025374855825
55.00000000000001,202.0,143.0,0.00461361014994233
55.00000000000001,202.99999999999997,142.0,0.00461361014994233
55.00000000000001,206.0,139.0,0.0011534025374855825
56.00000000000001,192.0,152.0,0.0011534025374855825
56.00000000000001,194.0,150.0,0.0011534025374855825
56.00000000000001,195.0,149.0,0.002306805074971165
56.00000000000001,196.0,148.0,0.002306805074971165
56.00000000000001,197.0,147.0,0.00461361014994233
56.00000000000001,198.0,146.0,0.0011534025374855825
56.00000000000001,199.0,145.0,0.00461361014994233
56.00000000000001,200.0,144.0,0.006920415224913495
56.00000000000001,200.99999999999997,143.0,0.010380622837370242
56.00000000000001,202.0,142.0,0.00922722029988466
56.00000000000001,202.99999999999997,141.0,0.002306805074971165
56.00000000000001,204.99999999999997,139.0,0.0011534025374855825
56.00000000000001,206.0,138.0,0.0011534025374855825
56.99999999999999,191.0,152.0,0.0011534025374855825
56.99999999999999,192.0,151.0,0.0011534025374855825
56.99999999999999,193.0,150.0,0.002306805074971165
56.99999999999999,194.0,149.0,0.002306805074971165
56.99999999999999,195.0,148.0,0.00461361014994233
56.99999999999999,196.0,147.0,0.008073817762399077
56.99999999999999,197.0,146.0,0.008073817762399077
56.99999999999999,198.0,145.0,0.011534025374855825
56.99999999999999,199.0,144.0,0.016147635524798153
56.99999999999999,200.0,143.0,0.011534025374855825
56.99999999999999,200.99999999999997,142.0,0.012687427912341407
56.99999999999999,202.0,141.0,0.006920415224913495
56.99999999999999,202.99999999999997,140.0,0.0034602076124567475
57.99999999999999,191.0,151.0,0.0011534025374855825
57.99999999999999,192.0,150.0,0.006920415224913495
57.99999999999999,193.0,149.0,0.011534025374855825
57.99999999999999,194.0,148.0,0.01384083044982699
57.99999999999999,195.0,147.0,0.016147635524798153
57.99999999999999,196.0,146.0,0.02306805074971165
57.99999999999999,197.0,145.0,0.0265282583621684
57.99999999999999,198.0,144.0,0.02768166089965398
57.99999999999999,199.0,143.0,0.020761245674740483
57.99999999999999,200.0,142.0,0.012687427912341407
57.99999999999999,200.99999999999997,141.0,0.011534025374855825
57.99999999999999,202.0,140.0,0.00461361014994233
57.99999999999999,202.99999999999997,139.0,0.002306805074971165
59.0,187.0,154.0,0.0011534025374855825
59.0,188.0,153.0,0.0011534025374855825
59.0,189.0,152.0,0.00461361014994233
59.0,190.0,151.0,0.012687427912341407
59.0,191.0,150.0,0.01845444059976932
59.0,192.0,149.0,0.02768166089965398
59.0,193.0,148.0,0.04152249134948097
59.0,194.0,147.0,0.0461361014994233
59.0,195.0,146.0,0.04728950403690888
59.0,196.0,145.0,0.0461361014994233
59.0,197.0,144.0,0.03690888119953864
59.0,198.0,143.0,0.03344867358708189
59.0,199.0,142.0,0.0265282583621684
59.0,200.0,141.0,0.016147635524798153
59.0,200.99999999999997,140.0,0.006920415224913495
59.0,202.0,139.0,0.0011534025374855825
59.0,202.99999999999997,138.0,0.0011534025374855825
59.0,204.0,137.0,0.0011534025374855825
60.0,186.0,154.0,0.0011534025374855825
60.0,187.0,153.0,0.0011534025374855825
60.0,188.0,152.0,0.010380622837370242
60.0,189.0,151.0,0.01845444059976932
60.0,190.0,150.0,0.03690888119953864
60.0,191.0,149.0,0.05536332179930796
60.0,192.0,148.0,0.0784313725490196
60.0,193.0,147.0,0.0784313725490196
60.0,194.0,146.0,0.08650519031141868
60.0,195.0,145.0,0.06805074971164937
60.0,196.0,144.0,0.05651672433679354
60.0,197.0,143.0,0.03344867358708189
60.0,198.0,142.0,0.0196078431372549
60.0,199.0,141.0,0.01730103806228374
60.0,200.0,140.0,0.00922722029988466
60.0,200.99999999999997,139.0,0.0057670126874279125
60.0,202.0,138.0,0.0011534025374855825
60.0,202.99999999999997,137.0,0.0011534025374855825
60.0,204.0,136.0,0.0011534025374855825
61.0,185.0,154.0,0.0011534025374855825
61.0,186.0,153.0,0.00922722029988466
61.0,187.0,152.0,0.020761245674740483
61.0,188.0,151.0,0.04267589388696655
61.0,189.0,150.0,0.06920415224913495
61.0,190.0,149.0,0.11534025374855825
61.0,191.0,148.0,0.14302191464821223
61.0,192.0,147.0,0.14417531718569782
61.0,193.0,146.0,0.12226066897347174
61.0,194.0,145.0,0.09342560553633218
61.0,195.0,144.0,0.06689734717416378
61.0,196.0,143.0,0.04728950403690888
61.0,197.0,142.0,0.01730103806228374
61.0,198.0,141.0,0.00922722029988466
61.0,199.0,140.0,0.00461361014994233
61.0,200.0,139.0,0.0034602076124567475
61.0,200.99999999999997,138.0,0.002306805074971165
62.0,182.0,156.0,0.0011534025374855825
62.0,183.0,155.0,0.0011534025374855825
62.0,184.0,154.0,0.0057670126874279125
62.0,185.0,153.0,0.014994232987312572
62.0,186.0,152.0,0.03344867358708189
62.0,187.0,151.0,0.06459054209919261
62.0,188.0,150.0,0.09342560553633218
62.0,189.0,149.0,0.16724336793540945
62.0,190.0,148.0,0.19261822376009227
62.0,191.0,147.0,0.18685121107266436
62.0,192.0,146.0,0.16262975778546712
62.0,193.0,145.0,0.10726643598615918
62.0,194.0,144.0,0.06459054209919261
62.0,195.0,143.0,0.03806228373702422
62.0,196.0,142.0,0.02306805074971165
62.0,197.0,141.0,0.010380622837370242
62.0,198.0,140.0,0.00461361014994233
63.0,182.0,155.0,0.0034602076124567475
63.0,183.0,154.0,0.008073817762399077
63.0,184.0,153.0,0.031141868512110725
63.0,185.0,152.0,0.05536332179930796
63.0,186.0,151.0,0.10265282583621683
63.0,187.0,150.0,0.16608996539792387
63.0,188.0,149.0,0.2698961937716263
63.0,189.0,148.0,0.2675893886966551
63.0,190.0,147.0,0.24106113033448673
63.0,191.0,146.0,0.20645905420991925
63.0,192.0,145.0,0.13610149942329874
63.0,193.0,144.0,0.06113033448673587
63.0,194.0,143.0,0.02191464821222607
63.0,195.0,142.0,0.011534025374855825
63.0,196.0,141.0,0.00922722029988466
63.0,197.0,140.0,0.006920415224913495
63.0,198.0,139.0,0.0034602076124567475
64.0,182.0,154.0,0.016147635524798153
64.0,183.0,153.0,0.05651672433679354
64.0,184.0,152.0,0.10034602076124567
64.0,185.0,151.0,0.16839677047289503
64.0,186.0,150.0,0.2722029988465975
64.0,187.0,149.0,0.38985005767012687
64.0,188.0,148.0,0.40945790080738176
64.0,189.0,147.0,0.2825836216839677
64.0,190.0,146.0,0.21683967704728951
64.0,191.0,145.0,0.15455594002306805
64.0,192.0,144.0,0.05420991926182238
64.0,193.0,143.0,0.02191464821222607
64.0,194.0,142.0,0.0057670126874279125
64.0,195.0,141.0,0.006920415224913495
64.0,196.0,140.0,0.002306805074971165
64.0,197.0,139.0,0.0011534025374855825
65.0,179.0,156.0,0.0011534025374855825
65.0,180.0,155.0,0.0034602076124567475
65.0,181.0,154.0,0.020761245674740483
65.0,182.0,153.0,0.06920415224913495
65.0,183.0,152.0,0.17416378316032297
65.0,184.0,151.0,0.2779700115340254
65.0,185.0,150.0,0.4417531718569781
65.0,186.0,149.0,0.5259515570934256
65.0,187.0,148.0,0.49019607843137253
65.0,188.0,147.0,0.3760092272202999
65.0,189.0,146.0,0.22145328719723184
65.0,190.0,145.0,0.12687427912341406
65.0,191.0,144.0,0.058823529411764705
65.0,192.0,143.0,0.02306805074971165
65.0,193.0,142.0,0.008073817762399077
65.0,194.0,141.0,0.00461361014994233
65.0,195.0,140.0,0.002306805074971165
65.0,197.0,138.0,0.0011534025374855825
66.0,178.0,156.0,0.0011534025374855825
66.0,179.0,155.0,0.00461361014994233
66.0,180.0,154.0,0.040369088811995385
66.0,181.0,153.0,0.12226066897347174
66.0,182.0,152.0,0.2491349480968858
66.0,183.0,151.0,0.3748558246828143
66.0,184.0,150.0,0.5570934256055363
66.0,185.0,149.0,0.635524798154556
66.0,186.0,148.0,0.5005767012687428
66.0,187.0,147.0,0.3760092272202999
66.0,188.0,146.0,0.22145328719723184
66.0,189.0,145.0,0.10841983852364476
66.0,190.0,144.0,0.05074971164936563
66.0,191.0,143.0,0.0196078431372549
66.0,192.0,142.0,0.0057670126874279125
66.0,193.0,141.0,0.0057670126874279125
66.0,194.0,140.0,0.002306805074971165
66.0,196.0,138.0,0.0011534025374855825
66.0,197.0,137.0,0.002306805074971165
66.0,198.0,136.0,0.0011534025374855825
67.0,177.0,156.0,0.0011534025374855825
67.0,178.0,155.0,0.012687427912341407
67.0,179.0,154.0,0.03806228373702422
67.0,180.0,153.0,0.1637831603229527
67.0,181.0,152.0,0.36562860438292966
67.0,182.0,151.0,0.544405997693195
67.0,183.0,150.0,0.6562860438292965
67.0,184.0,149.0,0.6770472895040369
67.0,185.0,148.0,0.4936562860438293
67.0,186.0,147.0,0.35294117647058826
67.0,187.0,146.0,0.17993079584775087
67.0,188.0,145.0,0.08304498269896193
67.0,189.0,144.0,0.04844290657439446
67.0,190.0,143.0,0.020761245674740483
67.0,191.0,142.0,0.006920415224913495
67.0,192.0,141.0,0.006920415224913495
67.0,193.0,140.0,0.0011534025374855825
67.0,195.0,138.0,0.002306805074971165
67.0,196.0,137.0,0.0011534025374855825
67.0,197.0,136.0,0.002306805074971165
68.0,176.0,156.0,0.0034602076124567475
68.0,177.0,155.0,0.0265282583621684
68.0,178.0,154.0,0.06805074971164937
68.0,179.0,153.0,0.19377162629757785
68.0,180.0,152.0,0.5005767012687428
68.0,181.0,151.0,0.6966551326412919
68.0,182.0,150.0,0.8465974625144176
68.0,183.0,149.0,0.7358708189158016
68.0,184.0,148.0,0.510957324106113
68.0,185.0,147.0,0.3217993079584775
68.0,186.0,146.0,0.16724336793540945
68.0,187.0,145.0,0.07612456747404844
68.0,188.0,144.0,0.03806228373702422
68.0,189.0,143.0,0.02191464821222607
68.0,190.0,142.0,0.010380622837370242
68.0,191.0,141.0,0.006920415224913495
68.0,192.0,140.0,0.0034602076124567475
68.0,193.0,139.0,0.0011534025374855825
68.0,194.0,138.0,0.002306805074971165
68.0,195.0,137.0,0.0034602076124567475
68.0,196.0,136.0,0.0011534025374855825
68.0,197.0,135.0,0.0011534025374855825
69.0,175.0,156.0,0.00461361014994233
69.0,176.0,155.0,0.0265282583621684
69.0,177.0,154.0,0.09919261822376009
69.0,178.0,153.0,0.30565167243367936
69.0,179.0,152.0,0.6043829296424452
69.0,180.0,151.0,0.8500576701268743
69.0,181.0,150.0,0.9042675893886967
69.0,182.0,149.0,0.803921568627451
69.0,183.0,148.0,0.5559400230680508
69.0,184.0,147.0,0.3044982698961938
69.0,185.0,146.0,0.14417531718569782
69.0,186.0,145.0,0.07151095732410612
69.0,187.0,144.0,0.0461361014994233
69.0,188.0,143.0,0.025374855824682813
69.0,189.0,142.0,0.0196078431372549
69.0,190.0,141.0,0.010380622837370242
69.0,191.0,140.0,0.0011534025374855825
69.0,192.0,139.0,0.002306805074971165
69.0,193.0,138.0,0.002306805074971165
69.0,194.0,137.0,0.0011534025374855825
70.0,173.0,157.0,0.0011534025374855825
70.0,174.0,156.0,0.00461361014994233
70.0,175.0,155.0,0.04267589388696655
70.0,176.0,154.0,0.14417531718569782
70.0,177.0,153.0,0.3737024221453287
70.0,178.0,152.0,0.6862745098039216
70.0,179.0,151.0,0.9134948096885813
70.0,180.0,150.0,0.9665513264129181
70.0,181.0,149.0,0.7958477508650519
70.0,182.0,148.0,0.48212226066897346
70.0,183.0,147.0,0.2537485582468281
70.0,184.0,146.0,0.11880046136101499
70.0,185.0,145.0,0.05767012687427912
70.0,186.0,144.0,0.03344867358708189
70.0,187.0,143.0,0.020761245674740483
70.0,188.0,142.0,0.01384083044982699
70.0,189.0,141.0,0.012687427912341407
70.0,190.0,140.0,0.00461361014994233
70.0,191.0,139.0,0.00461361014994233
70.0,192.0,138.0,0.002306805074971165
70.0,193.0,137.0,0.002306805074971165
70.0,194.0,136.0,0.0011534025374855825
70.0,197.0,133.0,0.0011534025374855825
70.0,198.0,132.0,0.0011534025374855825
71.0,171.0,158.0,0.0011534025374855825
71.0,172.0,157.0,0.0057670126874279125
71.0,173.0,156.0,0.011534025374855825
71.0,174.0,155.0,0.05074971164936563
71.0,175.0,154.0,0.18108419838523646
71.0,176.0,153.0,0.4555940023068051
71.0,177.0,152.0,0.7670126874279123
71.0,178.0,151.0,1.0
71.0,179.0,150.0,0.9550173010380623
71.0,180.0,149.0,0.7289504036908881
71.0,181.0,148.0,0.405997693194925
71.0,182.0,147.0,0.20184544405997693
71.0,183.0,146.0,0.11303344867358708
71.0,184.0,145.0,0.06689734717416378
71.0,185.0,144.0,0.02306805074971165
71.0,186.0,143.0,0.01384083044982699
71.0,187.0,142.0,0.014994232987312572
71.0,188.0,141.0,0.012687427912341407
71.0,189.0,140.0,0.0034602076124567475
71.0,190.0,139.0,0.0034602076124567475
71.0,191.0,138.0,0.0034602076124567475
71.0,192.0,137.0,0.0011534025374855825
71.0,193.0,136.0,0.0011534025374855825
71.0,197.0,132.0,0.0011534025374855825
72.0,171.0,157.0,0.002306805074971165
72.0,172.0,156.0,0.020761245674740483
72.0,173.0,155.0,0.0726643598615917
72.0,174.0,154.0,0.23183391003460208
72.0,175.0,153.0,0.5374855824682814
72.0,176.0,152.0,0.8096885813148789
72.0,177.0,151.0,0.9434832756632064
72.0,178.0,150.0,0.9123414071510957
72.0,179.0,149.0,0.6113033448673587
72.0,180.0,148.0,0.3414071510957324
72.0,181.0,147.0,0.1845444059976932
72.0,182.0,146.0,0.11072664359861592
72.0,183.0,145.0,0.06689734717416378
72.0,184.0,144.0,0.0392156862745098
72.0,185.0,143.0,0.01730103806228374
72.0,186.0,142.0,0.01845444059976932
72.0,187.0,141.0,0.014994232987312572
72.0,188.0,140.0,0.00922722029988466
72.0,189.0,139.0,0.00461361014994233
72.0,190.0,138.0,0.0057670126874279125
72.0,191.0,137.0,0.0057670126874279125
72.0,192.0,136.0,0.002306805074971165
73.0,170.0,157.0,0.0034602076124567475
73.0,171.0,156.0,0.02883506343713956
73.0,172.0,155.0,0.07381776239907728
73.0,173.0,154.0,0.2422145328719723
73.0,174.0,153.0,0.6020761245674741
73.0,175.0,152.0,0.8869665513264129
73.0,176.0,151.0,0.9492502883506344
73.0,177.0,150.0,0.8050749711649365
73.0,178.0,149.0,0.5755478662053056
73.0,179.0,148.0,0.32987312572087657
73.0,180.0,147.0,0.16032295271049596
73.0,181.0,146.0,0.08881199538638986
73.0,182.0,145.0,0.07035755478662054
73.0,183.0,144.0,0.04844290657439446
73.0,184.0,143.0,0.02883506343713956
73.0,185.0,142.0,0.02422145328719723
73.0,186.0,141.0,0.02191464821222607
73.0,187.0,140.0,0.016147635524798153
73.0,188.0,139.0,0.008073817762399077
73.0,189.0,138.0,0.008073817762399077
73.0,190.0,137.0,0.008073817762399077
73.0,191.0,136.0,0.0057670126874279125
73.0,192.0,135.0,0.0011534025374855825
73.0,193.0,134.0,0.0011534025374855825
73.0,194.0,133.0,0.0011534025374855825
74.0,169.0,157.0,0.002306805074971165
74.0,170.0,156.0,0.02768166089965398
74.0,171.0,155.0,0.10149942329873125
74.0,172.0,154.0,0.28835063437139563
74.0,173.0,153.0,0.6401384083044983
74.0,174.0,152.0,0.9354094579008074
74.0,175.0,151.0,0.9607843137254902
74.0,176.0,150.0,0.76239907727797
74.0,177.0,149.0,0.47058823529411764
74.0,178.0,148.0,0.29873125720876587
74.0,179.0,147.0,0.1707035755478662
74.0,180.0,146.0,0.09803921568627451
74.0,181.0,145.0,0.0530565167243368
74.0,182.0,144.0,0.05190311418685121
74.0,183.0,143.0,0.0265282583621684
74.0,184.0,142.0,0.031141868512110725
74.0,185.0,141.0,0.01730103806228374
74.0,186.0,140.0,0.020761245674740483
74.0,187.0,139.0,0.01384083044982699
74.0,188.0,138.0,0.00922722029988466
74.0,189.0,137.0,0.00461361014994233
74.0,190.0,136.0,0.008073817762399077
74.0,191.0,135.0,0.0011534025374855825
74.0,193.0,133.0,0.0011534025374855825
75.0,167.0,158.0,0.0011534025374855825
75.0,168.0,157.0,0.006920415224913495
75.0,169.0,156.0,0.029988465974625143
75.0,170.0,155.0,0.1118800461361015
75.0,171.0,154.0,0.34371395617070355
75.0,172.0,153.0,0.6782006920415224
75.0,173.0,152.0,0.8973471741637832
75.0,174.0,151.0,0.8777393310265282
75.0,175.0,150.0,0.6920415224913494
75.0,176.0,149.0,0.4590542099192618
75.0,177.0,148.0,0.2895040369088812
75.0,178.0,147.0,0.17301038062283736
75.0,179.0,146.0,0.14302191464821223
75.0,180.0,145.0,0.08304498269896193
75.0,181.0,144.0,0.04728950403690888
75.0,182.0,143.0,0.04498269896193772
75.0,183.0,142.0,0.031141868512110725
75.0,184.0,141.0,0.0196078431372549
75.0,185.0,140.0,0.01845444059976932
75.0,186.0,139.0,0.02306805074971165
75.0,187.0,138.0,0.01730103806228374
75.0,188.0,137.0,0.00922722029988466
75.0,189.0,136.0,0.00922722029988466
75.0,190.0,135.0,0.0034602076124567475
75.0,191.0,134.0,0.002306805074971165
75.0,192.0,133.0,0.0011534025374855825
75.0,193.0,132.0,0.0011534025374855825
76.0,166.0,158.0,0.002306805074971165
76.0,167.0,157.0,0.00922722029988466
76.0,168.0,156.0,0.04728950403690888
76.0,169.0,155.0,0.1510957324106113
76.0,170.0,154.0,0.34832756632064593
76.0,171.0,153.0,0.6528258362168397
76.0,172.0,152.0,0.8246828143021915
76.0,173.0,151.0,0.8108419838523645
76.0,174.0,150.0,0.6124567474048442
76.0,175.0,149.0,0.4013840830449827
76.0,176.0,148.0,0.2964244521337947
76.0,177.0,147.0,0.16839677047289503
76.0,178.0,146.0,0.12687427912341406
76.0,179.0,145.0,0.09803921568627451
76.0,180.0,144.0,0.05997693194925029
76.0,181.0,143.0,0.049596309111880045
76.0,182.0,142.0,0.0461361014994233
76.0,183.0,141.0,0.025374855824682813
76.0,184.0,140.0,0.020761245674740483
76.0,185.0,139.0,0.01730103806228374
76.0,186.0,138.0,0.01730103806228374
76.0,187.0,137.0,0.008073817762399077
76.0,188.0,136.0,0.010380622837370242
76.0,189.0,135.0,0.00461361014994233
76.0,190.0,134.0,0.002306805074971165
76.0,191.0,133.0,0.0034602076124567475
76.0,192.0,132.0,0.0011534025374855825
76.0,193.0,131.0,0.0011534025374855825
77.0,164.0,159.0,0.0011534025374855825
77.0,165.0,158.0,0.002306805074971165
77.0,166.0,157.0,0.011534025374855825
77.0,167.0,156.0,0.03690888119953864
77.0,168.0,155.0,0.17647058823529413
77.0,169.0,154.0,0.39792387543252594
77.0,170.0,153.0,0.615916955017301
77.0,171.0,152.0,0.7185697808535179
77.0,172.0,151.0,0.6897347174163783
77.0,173.0,150.0,0.5478662053056517
77.0,174.0,149.0,0.3817762399077278
77.0,175.0,148.0,0.279123414071511
77.0,176.0,147.0,0.19607843137254902
77.0,177.0,146.0,0.1522491349480969
77.0,178.0,145.0,0.10265282583621683
77.0,179.0,144.0,0.0784313725490196
77.0,180.0,143.0,0.0530565167243368
77.0,181.0,142.0,0.05190311418685121
77.0,182.0,141.0,0.0461361014994233
77.0,183.0,140.0,0.031141868512110725
77.0,184.0,139.0,0.031141868512110725
77.0,185.0,138.0,0.02768166089965398
77.0,186.0,137.0,0.01730103806228374
77.0,187.0,136.0,0.012687427912341407
77.0,188.0,135.0,0.006920415224913495
77.0,189.0,134.0,0.00461361014994233
77.0,190.0,133.0,0.0034602076124567475
78.0,164.0,158.0,0.0011534025374855825
78.0,165.0,157.0,0.008073817762399077
78.0,166.0,156.0,0.05190311418685121
78.0,167.0,155.0,0.16839677047289503
78.0,168.0,154.0,0.39100346020761245
78.0,169.0,153.0,0.649365628604383
78.0,170.0,152.0,0.7116493656286044
78.0,171.0,151.0,0.6597462514417531
78.0,172.0,150.0,0.47750865051903113
78.0,173.0,149.0,0.35986159169550175
78.0,174.0,148.0,0.2768166089965398
78.0,175.0,147.0,0.1903114186851211
78.0,176.0,146.0,0.15916955017301038
78.0,177.0,145.0,0.13264129181084197
78.0,178.0,144.0,0.10034602076124567
78.0,179.0,143.0,0.08073817762399077
78.0,180.0,142.0,0.04728950403690888
78.0,181.0,141.0,0.05997693194925029
78.0,182.0,140.0,0.05767012687427912
78.0,183.0,139.0,0.049596309111880045
78.0,184.0,138.0,0.03344867358708189
78.0,185.0,137.0,0.020761245674740483
78.0,186.0,136.0,0.011534025374855825
78.0,187.0,135.0,0.00461361014994233
78.0,188.0,134.0,0.002306805074971165
78.0,189.0,133.0,0.002306805074971165
79.0,164.0,157.0,0.002306805074971165
79.0,165.0,156.0,0.0461361014994233
79.0,166.0,155.0,0.1776239907727797
79.0,167.0,154.0,0.39677047289504036
79.0,168.0,153.0,0.6043829296424452
79.0,169.0,152.0,0.6655132641291811
79.0,170.0,151.0,0.6043829296424452
79.0,171.0,150.0,0.45790080738177624
79.0,172.0,149.0,0.3344867358708189
79.0,173.0,148.0,0.2848904267589389
79.0,174.0,147.0,0.2179930795847751
79.0,175.0,146.0,0.17531718569780855
79.0,176.0,145.0,0.15570934256055363
79.0,177.0,144.0,0.12226066897347174
79.0,178.0,143.0,0.09919261822376009
79.0,179.0,142.0,0.08881199538638986
79.0,180.0,141.0,0.07497116493656286
79.0,181.0,140.0,0.08304498269896193
79.0,182.0,139.0,0.06113033448673587
79.0,183.0,138.0,0.040369088811995385
79.0,184.0,137.0,0.020761245674740483
79.0,185.0,136.0,0.010380622837370242
79.0,186.0,135.0,0.0057670126874279125
79.0,187.0,134.0,0.0011534025374855825
80.0,162.0,158.0,0.0011534025374855825
80.0,163.0,157.0,0.0034602076124567475
80.0,164.0,156.0,0.04728950403690888
80.0,165.0,155.0,0.1776239907727797
80.0,166.0,154.0,0.3690888119953864
80.0,167.0,153.0,0.5836216839677048
80.0,168.0,152.0,0.5859284890426759
80.0,169.0,151.0,0.510957324106113
80.0,170.0,150.0,0.4140715109573241
80.0,171.0,149.0,0.3460207612456747
80.0,172.0,148.0,0.2964244521337947
80.0,173.0,147.0,0.2675893886966551
80.0,174.0,146.0,0.21453287197231835
80.0,175.0,145.0,0.1776239907727797
80.0,176.0,144.0,0.17531718569780855
80.0,177.0,143.0,0.14994232987312572
80.0,178.0,142.0,0.12110726643598616
80.0,179.0,141.0,0.11534025374855825
80.0,180.0,140.0,0.0784313725490196
80.0,181.0,139.0,0.04844290657439446
80.0,182.0,138.0,0.0196078431372549
80.0,183.0,137.0,0.010380622837370242
80.0,184.0,136.0,0.006920415224913495
80.0,185.0,135.0,0.002306805074971165
81.0,161.0,158.0,0.0011534025374855825
81.0,162.0,157.0,0.010380622837370242
81.0,163.0,156.0,0.05651672433679354
81.0,164.0,155.0,0.19607843137254902
81.0,165.0,154.0,0.3829296424452134
81.0,166.0,153.0,0.5305651672433679
81.0,167.0,152.0,0.5651672433679354
81.0,168.0,151.0,0.5155709342560554
81.0,169.0,150.0,0.447520184544406
81.0,170.0,149.0,0.37946943483275664
81.0,171.0,148.0,0.3333333333333333
81.0,172.0,147.0,0.314878892733564
81.0,173.0,146.0,0.2722029988465975
81.0,174.0,145.0,0.20069204152249134
81.0,175.0,144.0,0.19607843137254902
81.0,176.0,143.0,0.23183391003460208
81.0,177.0,142.0,0.16724336793540945
81.0,178.0,141.0,0.1245674740484429
81.0,179.0,140.0,0.08996539792387544
81.0,180.0,139.0,0.0392156862745098
81.0,181.0,138.0,0.012687427912341407
81.0,182.0,137.0,0.0034602076124567475
81.0,183.0,136.0,0.002306805074971165
81.0,184.0,135.0,0.0011534025374855825
82.0,161.0,157.0,0.010380622837370242
82.0,162.0,156.0,0.05074971164936563
82.0,163.0,155.0,0.13494809688581316
82.0,164.0,154.0,0.328719723183391
82.0,165.0,153.0,0.4717416378316032
82.0,166.0,152.0,0.48327566320645904
82.0,167.0,151.0,0.4913494809688581
82.0,168.0,150.0,0.46251441753171857
82.0,169.0,149.0,0.41061130334486734
82.0,170.0,148.0,0.34486735870818913
82.0,171.0,147.0,0.36678200692041524
82.0,172.0,146.0,0.3494809688581315
82.0,173.0,145.0,0.27566320645905423
82.0,174.0,144.0,0.2606689734717416
82.0,175.0,143.0,0.24798154555940022
82.0,176.0,142.0,0.20069204152249134
82.0,177.0,141.0,0.11072664359861592
82.0,178.0,140.0,0.07497116493656286
82.0,179.0,139.0,0.029988465974625143
82.0,180.0,138.0,0.010380622837370242
82.0,181.0,137.0,0.0011534025374855825
82.0,182.0,136.0,0.0011534025374855825
83.0,160.0,157.0,0.008073817762399077
83.0,161.0,156.0,0.06805074971164937
83.0,162.0,155.0,0.1453287197231834
83.0,163.0,154.0,0.29296424452133796
83.0,164.0,153.0,0.4602076124567474
83.0,165.0,152.0,0.4417531718569781
83.0,166.0,151.0,0.46482122260668973
83.0,167.0,150.0,0.4279123414071511
83.0,168.0,149.0,0.40369088811995385
83.0,169.0,148.0,0.39100346020761245
83.0,170.0,147.0,0.3875432525951557
83.0,171.0,146.0,0.40369088811995385
83.0,172.0,145.0,0.370242214532872
83.0,173.0,144.0,0.31718569780853517
83.0,174.0,143.0,0.2687427912341407
83.0,175.0,142.0,0.19607843137254902
83.0,176.0,141.0,0.10841983852364476
83.0,177.0,140.0,0.0530565167243368
83.0,178.0,139.0,0.020761245674740483
83.0,179.0,138.0,0.0034602076124567475
83.0,180.0,137.0,0.0011534025374855825
84.0,159.0,157.0,0.0057670126874279125
84.0,160.0,156.0,0.05074971164936563
84.0,161.0,155.0,0.14878892733564014
84.0,162.0,154.0,0.2768166089965398
84.0,163.0,153.0,0.3817762399077278
84.0,164.0,152.0,0.43252595155709345
84.0,165.0,151.0,0.43137254901960786
84.0,166.0,150.0,0.43944636678200694
84.0,167.0,149.0,0.419838523644752
84.0,168.0,148.0,0.419838523644752
84.0,169.0,147.0,0.4348327566320646
84.0,170.0,146.0,0.4371395617070358
84.0,171.0,145.0,0.447520184544406
84.0,172.0,144.0,0.35409457900807384
84.0,173.0,143.0,0.25720876585928487
84.0,174.0,142.0,0.16839677047289503
84.0,175.0,141.0,0.09457900807381776
84.0,176.0,140.0,0.0392156862745098
84.0,177.0,139.0,0.00922722029988466
84.0,178.0,138.0,0.002306805074971165
84.0,179.0,137.0,0.0011534025374855825
85.0,158.0,157.0,0.0034602076124567475
85.0,159.0,156.0,0.03460207612456748
85.0,160.0,155.0,0.10957324106113034
85.0,161.0,154.0,0.2306805074971165
85.0,162.0,153.0,0.3206459054209919
85.0,163.0,152.0,0.3494809688581315
85.0,164.0,151.0,0.39677047289504036
85.0,165.0,150.0,0.42214532871972316
85.0,166.0,149.0,0.45213379469434833
85.0,167.0,148.0,0.4659746251441753
85.0,168.0,147.0,0.4913494809688581
85.0,169.0,146.0,0.49480968858131485
85.0,170.0,145.0,0.4463667820069204
85.0,171.0,144.0,0.36101499423298733
85.0,172.0,143.0,0.22491349480968859
85.0,173.0,142.0,0.12341407151095732
85.0,174.0,141.0,0.04844290657439446
85.0,175.0,140.0,0.01845444059976932
85.0,176.0,139.0,0.0011534025374855825
85.0,178.0,137.0,0.0011534025374855825
86.0,157.0,157.0,0.0011534025374855825
86.0,158.0,156.0,0.029988465974625143
86.0,159.0,155.0,0.11418685121107267
86.0,160.0,154.0,0.21107266435986158
86.0,161.0,153.0,0.2975778546712803
86.0,162.0,152.0,0.35294117647058826
86.0,163.0,151.0,0.3621683967704729
86.0,164.0,150.0,0.4359861591695502
86.0,165.0,149.0,0.4602076124567474
86.0,166.0,148.0,0.5605536332179931
86.0,167.0,147.0,0.5813148788927336
86.0,168.0,146.0,0.544405997693195
86.0,169.0,145.0,0.44521337946943484
86.0,170.0,144.0,0.3402537485582468
86.0,171.0,143.0,0.18223760092272204
86.0,172.0,142.0,0.06805074971164937
86.0,173.0,141.0,0.01730103806228374
86.0,174.0,140.0,0.00461361014994233
87.0,156.0,157.0,0.0011534025374855825
87.0,157.0,156.0,0.02883506343713956
87.0,158.0,155.0,0.08996539792387544
87.0,159.0,154.0,0.1707035755478662
87.0,160.0,153.0,0.2722029988465975
87.0,161.0,152.0,0.35870818915801617
87.0,162.0,151.0,0.3690888119953864
87.0,163.0,150.0,0.4244521337946944
87.0,164.0,149.0,0.49480968858131485
87.0,165.0,148.0,0.5420991926182238
87.0,166.0,147.0,0.5963091118800461
87.0,167.0,146.0,0.5051903114186851
87.0,168.0,145.0,0.370242214532872
87.0,169.0,144.0,0.2549019607843137
87.0,170.0,143.0,0.11764705882352941
87.0,171.0,142.0,0.02768166089965398
87.0,172.0,141.0,0.006920415224913495
87.0,173.0,140.0,0.0011534025374855825
88.0,155.0,157.0,0.0011534025374855825
88.0,156.0,156.0,0.016147635524798153
88.0,157.0,155.0,0.0657439446366782
88.0,158.0,154.0,0.12918108419838523
88.0,159.0,153.0,0.21683967704728951
88.0,160.0,152.0,0.3021914648212226
88.0,161.0,151.0,0.3690888119953864
88.0,162.0,150.0,0.4371395617070358
88.0,163.0,149.0,0.48904267589388695
88.0,164.0,148.0,0.5617070357554786
88.0,165.0,147.0,0.5478662053056517
88.0,166.0,146.0,0.4590542099192618
88.0,167.0,145.0,0.2768166089965398
88.0,168.0,144.0,0.1395617070357555
88.0,169.0,143.0,0.06113033448673587
88.0,170.0,142.0,0.00922722029988466
89.0,154.0,157.0,0.0011534025374855825
89.0,155.0,156.0,0.010380622837370242
89.0,156.0,155.0,0.04498269896193772
89.0,157.0,154.0,0.10034602076124567
89.0,158.0,153.0,0.1707035755478662
89.0,159.0,152.0,0.23875432525951557
89.0,160.0,151.0,0.2975778546712803
89.0,161.0,150.0,0.42560553633217996
89.0,162.0,149.0,0.5201845444059977
89.0,163.0,148.0,0.5628604382929643
89.0,164.0,147.0,0.47750865051903113
89.0,165.0,146.0,0.3506343713956171
89.0,166.0,145.0,0.1903114186851211
89.0,167.0,144.0,0.06920415224913495
89.0,168.0,143.0,0.020761245674740483
89.0,169.0,142.0,0.002306805074971165
90.0,153.0,157.0,0.0011534025374855825
90.0,154.0,156.0,0.006920415224913495
90.0,155.0,155.0,0.03460207612456748
90.0,156.0,154.0,0.08881199538638986
90.0,157.0,153.0,0.1395617070357555
90.0,158.0,152.0,0.2364475201845444
90.0,159.0,151.0,0.2687427912341407
90.0,160.0,150.0,0.35409457900807384
90.0,161.0,149.0,0.46366782006920415
90.0,162.0,148.0,0.4925028835063437
90.0,163.0,147.0,0.38985005767012687
90.0,164.0,146.0,0.24106113033448673
90.0,165.0,145.0,0.12226066897347174
90.0,166.0,144.0,0.02768166089965398
90.0,167.0,143.0,0.0034602076124567475
91.0,153.0,156.0,0.0057670126874279125
91.0,154.0,155.0,0.02306805074971165
91.0,155.0,154.0,0.0657439446366782
91.0,156.0,153.0,0.12802768166089964
91.0,157.0,152.0,0.1776239907727797
91.0,158.0,151.0,0.28719723183391005
91.0,159.0,150.0,0.3506343713956171
91.0,160.0,149.0,0.39100346020761245
91.0,161.0,148.0,0.3886966551326413
91.0,162.0,147.0,0.28719723183391005
91.0,163.0,146.0,0.14071510957324107
91.0,164.0,145.0,0.05420991926182238
91.0,165.0,144.0,0.010380622837370242
92.0,152.0,156.0,0.0011534025374855825
92.0,153.0,155.0,0.02191464821222607
92.0,154.0,154.0,0.031141868512110725
92.0,155.0,153.0,0.1061130334486736
92.0,156.0,152.0,0.15455594002306805
92.0,157.0,151.0,0.22260668973471742
92.0,158.0,150.0,0.32987312572087657
92.0,159.0,149.0,0.34717416378316035
92.0,160.0,148.0,0.2722029988465975
92.0,161.0,147.0,0.19492502883506344
92.0,162.0,146.0,0.07381776239907728
92.0,163.0,145.0,0.02306805074971165
92.0,164.0,144.0,0.0034602076124567475
93.0,151.0,156.0,0.002306805074971165
93.0,152.0,155.0,0.016147635524798153
93.0,153.0,154.0,0.03229527104959631
93.0,154.0,153.0,0.05651672433679354
93.0,155.0,152.0,0.14417531718569782
93.0,156.0,151.0,0.18108419838523646
93.0,157.0,150.0,0.22722029988465975
93.0,158.0,149.0,0.25836216839677045
93.0,159.0,148.0,0.17993079584775087
93.0,160.0,147.0,0.09803921568627451
93.0,161.0,146.0,0.03344867358708189
93.0,162.0,145.0,0.006920415224913495
93.0,163.0,144.0,0.002306805074971165
93.0,164.0,143.0,0.0011534025374855825
94.0,150.0,156.0,0.0011534025374855825
94.0,151.0,155.0,0.011534025374855825
94.0,152.0,154.0,0.0265282583621684
94.0,153.0,153.0,0.0461361014994233
94.0,154.0,152.0,0.09919261822376009
94.0,155.0,151.0,0.1637831603229527
94.0,156.0,150.0,0.1903114186851211
94.0,157.0,149.0,0.18223760092272204
94.0,158.0,148.0,0.11649365628604383
94.0,159.0,147.0,0.05190311418685121
94.0,160.0,146.0,0.016147635524798153
94.0,161.0,145.0,0.0011534025374855825
95.0,150.0,155.0,0.008073817762399077
95.0,151.0,154.0,0.02768166089965398
95.0,152.0,153.0,0.04267589388696655
95.0,153.0,152.0,0.06805074971164937
95.0,154.0,151.0,0.1118800461361015
95.0,155.0,150.0,0.13494809688581316
95.0,156.0,149.0,0.09457900807381776
95.0,157.0,148.0,0.05420991926182238
95.0,158.0,147.0,0.012687427912341407
95.0,159.0,146.0,0.0034602076124567475
96.0,149.0,155.0,0.00461361014994233
96.0,150.0,154.0,0.01384083044982699
96.0,151.0,153.0,0.03229527104959631
96.0,152.0,152.0,0.05190311418685121
96.0,153.0,151.0,0.0726643598615917
96.0,154.0,150.0,0.10265282583621683
96.0,155.0,149.0,0.07151095732410612
96.0,156.0,148.0,0.02768166089965398
96.0,157.0,147.0,0.010380622837370242
96.0,158.0,146.0,0.0011534025374855825
97.0,148.0,155.0,0.0011534025374855825
97.0,149.0,154.0,0.008073817762399077
97.0,150.0,153.0,0.01730103806228374
97.0,151.0,152.0,0.040369088811995385
97.0,152.0,151.0,0.04844290657439446
97.0,153.0,150.0,0.0461361014994233
97.0,154.0,149.0,0.04152249134948097
97.0,155.0,148.0,0.01845444059976932
97.0,156.0,147.0,0.002306805074971165
97.0,157.0,146.0,0.0011534025374855825
98.0,148.0,154.0,0.00461361014994233
98.0,149.0,153.0,0.014994232987312572
98.0,150.0,152.0,0.02883506343713956
98.0,151.0,151.0,0.03690888119953864
98.0,152.0,150.0,0.02768166089965398
98.0,153.0,149.0,0.01845444059976932
98.0,154.0,148.0,0.010380622837370242
98.0,155.0,147.0,0.0011534025374855825
99.0,147.0,154.0,0.0011534025374855825
99.0,148.0,153.0,0.010380622837370242
99.0,149.0,152.0,0.016147635524798153
99.0,150.0,151.0,0.02422145328719723
99.0,151.0,150.0,0.02306805074971165
99.0,152.0,149.0,0.00922722029988466
99.0,153.0,148.0,0.002306805074971165
100.0,147.0,153.0,0.002306805074971165
100.0,148.0,152.0,0.00461361014994233
100.0,149.0,151.0,0.00922722029988466
100.0,150.0,150.0,0.008073817762399077
100.0,151.0,149.0,0.006920415224913495
100.0,152.0,148.0,0.0011534025374855825
101.0,146.0,153.0,0.0034602076124567475
101.0,147.0,152.0,0.00461361014994233
101.0,148.0,151.0,0.0034602076124567475
101.0,149.0,150.0,0.0034602076124567475
101.0,150.0,149.0,0.0011534025374855825
102.0,146.0,152.0,0.0034602076124567475
102.0,147.0,151.0,0.0011534025374855825
102.0,148.0,150.0,0.0011534025374855825
103.0,146.0,151.0,0.0011534025374855825
104.0,145.0,151.0,0.0011534025374855825
104.0,146.0,150.0,0.0011534025374855825
